1,1,33,1,1,1,1,1,1,1,127,1,1,1,1,1,1,1,0,1,1,1,3,1,1,1,1,127,1,35,2,127,127,1,42,4,1,1,1,1,1
1,1,19,1,1,1,1,1,1,1,1,1,1,1,1,1,1,1,0,1,1,22,2,127,127,1,1,9,8,1,127,9,9,9,1,1,127,127,1,1,2
1,1,33,1,1,1,1,1,1,1,127,1,1,1,1,1,1,1,0,1,1,3,3,1,1,1,1,127,1,22,57,127,127,1,2,3,1,1,1,1,1
1,1,19,1,1,1,1,1,1,1,1,1,1,1,1,1,1,1,0,1,1,1,1,127,127,1,1,127,1,1,127,1,1,9,1,1,127,127,1,1,2
21,1,15,1,1,1,1,1,1,1,127,1,1,1,1,1,1,1,0,1,1,1,1,1,1,127,127,127,1,1,6,4,81,23,12,1,12,18,70,109,1
1,64,33,1,1,1,1,1,1,1,1,1,1,1,1,1,1,1,0,1,1,4,1,1,1,1,1,17,17,1,127,1,2,9,21,1,1,1,92,1,2
1,1,33,1,1,1,1,1,1,1,127,1,1,1,1,1,1,1,0,1,1,6,6,1,1,1,1,127,1,1,82,127,127,1,2,2,1,1,9,7,1
1,1,33,1,1,1,1,1,1,1,127,1,1,1,1,1,1,1,0,1,1,6,6,1,1,1,1,127,1,1,127,127,127,1,1,1,1,1,1,1,1
1,64,33,1,1,1,1,1,1,1,1,1,1,1,1,1,1,1,0,1,1,37,57,1,1,1,1,127,1,2,127,105,105,2,1,1,1,1,1,1,1
1,1,19,1,1,1,1,1,1,1,1,1,1,1,1,1,1,1,0,1,1,50,1,127,127,1,1,1,8,1,127,1,1,8,1,1,127,127,1,1,2
1,1,19,1,1,1,1,1,1,1,1,1,1,1,1,1,1,1,0,1,1,65,5,127,127,1,1,11,8,1,127,10,11,8,1,1,127,127,1,1,2
1,1,33,1,1,1,1,1,1,1,127,1,1,1,1,1,1,1,0,1,1,2,5,1,1,1,1,127,1,33,127,127,127,1,1,1,1,1,1,1,1
1,1,33,1,1,1,1,1,1,1,127,1,1,1,1,1,1,1,0,1,1,1,1,1,1,1,1,64,127,1,46,10,18,6,2,21,1,1,1,1,1
1,1,8,1,1,1,1,1,2,26,1,1,1,1,1,1,1,1,0,1,1,1,1,1,1,127,127,127,1,1,9,9,127,1,8,1,8,8,119,119,2
1,1,33,1,1,1,1,1,1,1,127,1,1,1,1,1,1,1,0,1,1,3,3,1,1,1,1,127,1,1,127,127,127,1,1,1,1,1,1,1,1
1,1,15,1,1,1,1,1,1,1,1,1,1,1,1,1,1,1,0,1,1,1,1,1,1,127,127,127,1,1,96,1,2,62,62,1,1,1,62,127,2
1,1,19,1,1,1,1,1,1,1,1,1,1,1,1,1,1,1,0,1,1,35,3,127,127,1,1,11,8,1,127,4,4,8,1,1,127,127,1,1,2
1,1,19,1,1,1,1,1,1,1,1,1,1,1,1,1,1,1,0,1,1,34,1,127,127,1,1,2,8,1,127,3,3,8,1,1,127,127,1,1,2
1,1,33,1,1,1,1,1,1,1,127,1,1,1,1,1,1,1,0,1,1,1,1,1,1,1,1,127,1,1,60,113,127,1,2,8,1,1,1,1,1
1,1,33,1,1,1,1,1,1,1,127,1,1,1,1,1,1,1,0,1,1,3,3,1,1,1,1,127,1,1,15,127,127,1,4,2,1,1,1,1,1
1,1,33,1,1,1,1,1,1,1,127,1,1,1,1,1,1,1,0,1,1,1,1,1,1,1,1,127,1,1,33,127,127,1,3,3,1,1,1,1,1
1,127,33,1,1,1,1,1,1,1,1,1,1,1,1,1,1,1,0,1,1,1,9,1,1,1,1,127,1,127,1,67,127,1,127,64,1,1,1,1,2
1,1,33,1,1,1,1,1,1,1,127,1,1,1,1,1,1,1,0,1,1,5,5,1,1,1,1,127,1,1,103,127,127,1,1,3,1,1,1,1,1
1,1,33,1,1,1,1,1,1,1,127,1,1,1,1,1,1,1,0,1,1,1,1,1,1,1,1,127,1,1,1,127,127,1,64,2,1,1,1,1,1
1,1,33,1,1,1,1,1,1,1,127,1,1,1,1,1,1,1,0,1,1,7,12,1,1,1,1,127,1,8,13,127,127,1,6,6,1,1,1,1,1
1,1,19,1,1,1,1,1,1,1,1,1,1,1,1,1,1,1,0,1,1,36,4,127,127,1,1,13,8,1,127,10,11,8,1,1,127,127,1,1,2
1,1,19,1,1,1,1,1,1,1,1,1,1,1,1,1,1,1,0,1,1,53,2,127,127,1,1,6,8,1,127,7,7,8,1,1,127,127,1,1,2
1,1,33,1,1,1,1,1,1,1,127,1,1,1,1,1,1,1,0,1,1,4,6,1,1,1,1,127,1,24,127,127,127,1,1,1,1,1,1,1,1
1,1,19,1,1,1,1,1,1,1,1,1,1,1,1,1,1,1,0,1,1,64,1,127,127,1,1,2,7,1,127,2,2,7,1,1,127,127,1,1,2
1,64,33,1,1,1,1,1,1,1,1,1,1,1,1,1,1,1,0,1,1,1,1,1,1,1,1,127,1,1,95,94,125,2,2,1,1,1,1,1,1
1,64,33,1,1,1,1,1,1,1,1,1,1,1,1,1,1,1,0,1,1,2,1,1,1,1,1,64,32,1,127,2,3,55,87,1,4,1,36,1,2
1,1,33,1,1,1,1,1,1,1,127,1,1,1,1,1,1,1,0,1,1,2,2,1,1,1,1,127,1,1,127,119,119,2,1,1,1,1,1,1,1
1,1,33,1,1,1,1,1,37,1,127,1,1,1,1,1,1,1,0,1,127,1,1,1,1,1,1,127,1,1,126,35,36,3,1,1,1,1,1,1,1
1,1,19,1,1,1,1,1,1,1,1,1,1,1,1,1,1,1,0,1,1,35,4,127,127,1,1,16,9,1,127,8,8,8,1,1,127,127,1,1,2
1,1,33,1,1,1,1,1,1,1,127,1,1,1,1,1,1,1,0,1,1,2,2,1,1,1,1,127,1,1,39,127,127,1,2,4,1,1,1,1,1
1,1,33,1,1,1,1,1,1,1,127,1,1,1,1,1,1,1,0,1,1,1,1,1,1,1,1,127,1,1,14,78,94,14,6,2,1,1,1,1,1
1,1,4,1,1,1,1,1,1,1,1,1,1,1,1,1,1,1,0,1,1,61,2,1,1,127,127,3,9,1,127,3,3,11,1,1,1,1,127,127,2
1,1,19,1,1,1,1,1,1,1,1,1,1,1,1,1,1,1,0,1,1,67,5,127,127,1,1,9,8,1,127,5,6,9,1,1,127,127,1,1,2
1,1,33,1,1,1,1,1,1,1,127,1,1,1,1,1,1,1,0,1,1,7,9,1,1,1,1,127,1,12,127,127,127,1,1,1,1,1,1,1,1
1,1,19,1,1,1,1,1,1,1,1,1,1,1,1,1,1,1,0,1,1,59,1,127,127,1,1,3,9,1,127,2,3,11,1,1,127,127,1,1,2
1,1,33,1,1,1,1,1,1,1,127,1,1,1,1,1,1,1,0,1,1,1,2,1,1,1,1,127,1,51,127,127,127,1,1,1,1,1,1,1,1
7,64,33,1,1,1,1,1,1,1,1,1,1,1,1,1,1,1,0,1,1,1,1,1,1,1,1,127,1,1,127,2,2,65,115,1,1,1,1,1,1
1,1,33,1,1,1,1,1,1,1,127,1,1,1,1,1,1,1,0,1,1,3,3,1,1,1,1,127,1,1,5,127,127,1,13,6,1,2,1,1,1
1,1,19,1,1,1,1,1,1,1,1,1,1,1,1,1,1,1,0,1,1,68,4,127,127,1,1,7,6,1,127,7,7,7,1,1,127,127,1,1,2
1,127,33,1,1,1,1,1,1,1,1,1,1,1,1,1,1,1,0,1,1,126,126,1,1,1,1,127,1,1,127,23,23,6,23,1,31,1,3,1,2
1,1,33,1,1,1,1,1,1,1,127,1,1,1,1,1,1,1,0,1,1,1,1,1,1,1,1,127,1,1,2,127,127,1,42,9,1,1,1,1,1
1,1,33,1,1,1,1,1,1,1,127,1,1,1,1,1,1,1,0,1,1,2,2,1,1,1,1,127,1,32,4,127,127,1,18,3,1,1,1,1,1
1,1,19,1,1,1,1,1,1,1,1,1,1,1,1,1,1,1,0,1,1,36,4,127,127,1,1,14,8,1,127,7,7,9,1,1,127,127,1,1,2
1,1,19,1,1,1,1,1,1,1,1,1,1,1,1,1,1,1,0,1,1,31,3,127,127,1,1,12,7,1,127,6,6,7,1,1,127,127,1,1,2
1,1,19,1,1,1,1,1,1,1,1,1,1,1,1,1,1,1,0,1,1,61,5,127,127,1,1,11,8,1,127,10,11,9,1,1,127,127,1,1,2
1,64,33,1,1,1,1,1,1,1,1,1,1,1,1,1,1,1,0,1,1,3,5,1,1,1,1,127,1,22,85,83,124,2,2,1,1,1,1,1,1
1,1,33,1,1,1,1,1,1,1,127,1,1,1,1,1,1,1,0,1,1,4,5,1,1,1,1,127,1,16,19,127,127,1,4,6,1,1,1,1,1
1,1,4,1,1,1,1,1,1,1,1,1,1,1,1,1,1,1,0,1,1,33,1,1,1,127,127,4,9,1,127,2,3,9,1,1,1,1,127,127,2
1,1,33,1,1,1,1,1,1,1,1,1,1,1,1,1,1,1,0,1,1,1,1,1,1,1,1,64,127,1,127,6,7,3,1,1,1,1,1,1,1
1,1,33,1,1,1,1,1,1,1,127,1,1,1,1,1,1,1,0,1,1,2,2,1,1,1,1,127,1,1,127,125,125,2,1,1,1,1,1,1,1
1,1,33,1,1,1,1,1,1,1,127,1,1,1,1,1,1,1,0,1,1,1,12,1,1,1,1,127,1,14,127,113,113,2,1,1,1,1,1,1,1
1,1,4,1,1,1,1,1,1,1,1,1,1,1,1,1,1,1,0,1,1,1,1,1,1,127,127,127,1,127,1,84,127,1,64,13,1,1,127,127,1
1,127,33,1,1,1,1,1,1,1,1,1,1,1,1,1,1,1,0,1,1,1,1,1,1,1,1,127,1,1,1,8,127,1,127,127,1,1,1,1,2
1,64,33,1,1,1,1,1,1,1,1,1,1,1,1,1,1,1,0,1,1,7,1,1,1,1,1,11,16,1,127,1,2,31,125,1,1,1,2,1,2
1,1,33,1,1,1,1,1,1,1,127,1,1,1,1,1,1,1,0,1,1,5,6,1,1,1,1,127,1,12,127,127,127,1,1,1,1,1,1,1,1
1,1,4,1,1,1,1,1,1,1,1,1,1,1,1,1,1,1,0,1,1,65,3,1,1,127,127,7,8,1,127,6,7,9,1,1,1,1,127,127,2
1,1,33,1,1,1,1,1,1,1,127,1,1,1,1,1,1,1,0,1,1,2,2,1,1,1,1,127,1,1,19,127,127,1,4,6,1,1,1,1,1
1,64,33,1,1,1,1,1,1,1,1,1,1,1,1,1,1,1,0,1,1,59,59,1,1,1,1,127,1,1,127,127,127,1,2,1,1,1,1,1,1
1,1,19,1,1,1,1,1,1,1,1,1,1,1,1,1,1,1,0,1,1,36,6,127,127,1,1,19,6,1,127,11,12,6,1,1,127,127,1,1,2
1,1,33,1,1,1,1,1,1,1,127,1,1,1,1,1,1,1,0,1,1,1,1,1,1,1,1,127,1,1,37,127,127,1,2,7,1,1,1,1,1
1,1,33,1,1,1,1,1,1,1,127,1,1,1,1,1,1,1,0,1,1,1,1,1,1,1,1,127,1,127,118,73,79,3,1,1,1,1,2,2,1
1,1,19,1,1,1,1,1,1,1,1,1,1,1,1,1,1,1,0,1,1,47,1,127,127,1,1,3,7,1,127,2,3,8,1,1,127,127,1,1,2
1,1,19,1,1,1,1,1,1,1,1,1,1,1,1,1,1,1,0,1,1,9,3,127,127,1,1,35,16,1,127,10,9,8,1,1,127,127,1,1,2
1,1,33,1,1,1,1,1,1,1,127,1,1,1,1,1,1,1,0,1,1,3,4,11,17,1,1,127,1,17,33,127,127,1,3,4,3,2,1,2,1
1,1,8,1,1,1,1,1,1,1,1,1,1,1,1,1,1,1,0,1,1,56,3,1,1,127,127,6,9,1,127,5,6,9,1,1,1,1,127,127,2
1,1,33,1,1,1,1,1,1,1,127,1,1,1,1,1,1,1,0,1,1,3,3,1,1,1,1,127,1,1,39,18,60,8,60,1,1,1,1,1,1
1,1,33,1,1,1,1,1,1,1,127,1,1,1,1,1,1,1,0,1,1,3,3,1,1,1,1,127,1,1,22,127,127,1,3,7,1,2,1,4,1
1,64,33,1,1,1,1,1,1,1,1,1,1,1,1,1,1,1,0,1,1,24,39,1,1,1,1,127,1,4,127,127,127,1,1,1,1,1,1,1,1
1,1,19,1,1,1,1,1,1,1,1,1,1,1,1,1,1,1,0,1,1,55,5,127,127,1,1,11,9,1,127,9,9,9,1,1,127,127,1,1,2
1,1,33,1,1,1,1,1,1,1,127,1,1,1,1,1,1,1,0,1,1,2,2,1,1,1,1,127,1,1,3,127,127,1,26,7,1,1,1,1,1
1,1,4,1,1,1,1,1,1,1,1,1,1,1,1,1,1,1,0,1,1,1,1,1,1,127,127,127,1,1,13,1,6,127,6,127,1,1,108,127,2
1,127,33,1,1,1,1,1,1,1,1,1,1,1,1,1,1,1,0,1,1,1,1,1,1,1,1,127,1,1,15,65,127,1,127,51,1,1,1,1,1
1,1,33,1,1,1,1,1,1,1,127,1,1,1,1,1,1,1,0,1,1,1,1,1,1,1,1,64,127,1,31,47,19,13,19,3,1,1,1,1,1
1,1,19,1,1,1,1,1,1,1,1,1,1,1,1,1,1,1,0,1,1,29,4,127,127,1,1,14,7,1,127,7,7,8,1,1,127,127,1,1,2
17,1,15,1,1,1,1,1,1,1,127,1,1,1,1,1,1,1,0,1,1,1,1,1,1,127,127,127,1,1,1,1,127,1,64,1,64,64,64,64,1
1,1,33,1,1,1,1,1,1,1,127,1,1,1,1,1,1,1,0,1,1,1,10,1,1,1,1,127,1,13,17,127,127,1,4,7,1,1,1,1,1
1,1,19,1,1,1,1,1,1,1,1,1,1,1,1,1,1,1,0,1,1,23,3,127,127,1,1,16,9,1,127,2,2,11,1,1,127,127,1,1,2
1,127,33,1,1,1,1,1,1,1,1,1,1,1,1,1,1,1,0,1,1,1,8,1,1,1,1,127,1,127,1,31,127,1,127,33,1,1,1,1,2
1,64,33,1,1,1,1,1,1,1,1,1,1,1,1,1,1,1,0,1,1,34,34,1,1,1,1,127,1,1,127,127,127,1,1,1,1,1,1,1,1
1,1,19,1,1,1,1,1,1,1,1,1,1,1,1,1,1,1,0,1,1,59,3,127,127,1,1,7,9,1,127,6,6,9,1,1,127,127,1,1,2
1,1,33,1,1,1,1,1,1,1,127,1,1,1,1,1,1,1,0,1,1,2,2,1,1,1,1,127,1,1,51,21,28,6,28,7,1,1,1,1,1
1,1,19,1,1,1,1,1,1,1,1,1,1,1,1,1,1,1,0,1,1,68,5,127,127,1,1,9,7,1,127,10,11,7,1,1,127,127,1,1,2
1,1,33,1,1,1,1,1,1,1,127,1,1,1,1,1,1,1,0,1,1,1,1,1,1,1,1,127,1,1,64,87,79,7,2,2,1,1,1,1,1
1,1,4,1,1,1,1,1,1,1,1,1,1,1,1,1,1,1,0,1,1,1,1,1,1,127,127,127,1,1,2,13,127,1,32,26,1,1,127,127,1
1,1,33,1,1,1,1,1,1,1,127,1,1,1,1,1,1,1,0,1,1,5,5,1,1,1,1,127,1,1,127,127,127,1,1,1,1,1,1,1,1
1,1,33,1,1,1,1,1,1,1,127,1,1,1,1,1,1,1,0,1,1,2,3,1,1,1,1,127,1,46,127,127,127,1,1,1,1,1,1,1,1
1,1,33,1,1,1,1,1,1,1,127,1,1,1,1,1,1,1,0,1,1,3,4,1,1,1,1,127,1,19,127,127,127,1,1,1,1,1,1,1,1
1,1,33,1,1,1,1,1,1,1,127,1,1,1,1,1,1,1,0,1,1,2,2,1,1,1,1,127,1,1,32,127,127,1,3,8,1,1,1,1,1
1,1,33,1,1,1,1,1,1,1,127,1,1,1,1,1,1,1,0,1,1,2,2,1,1,1,1,127,1,1,127,127,127,1,1,1,1,1,1,1,1
1,1,33,1,1,1,1,1,1,1,127,1,1,1,1,1,1,1,0,1,1,1,1,1,1,1,1,127,1,1,108,54,64,4,1,1,1,1,1,1,1
1,1,19,1,1,1,1,1,1,1,1,1,1,1,1,1,1,1,0,1,1,44,5,127,127,1,1,13,8,1,127,9,9,7,1,1,127,127,1,1,2
1,1,33,1,1,1,1,1,1,1,127,1,1,1,1,1,1,1,0,1,1,1,1,1,1,1,1,127,1,1,127,127,127,1,1,1,1,1,1,1,1
1,1,19,1,1,1,1,1,1,1,1,1,1,1,1,1,1,1,0,1,1,46,3,127,127,1,1,7,9,1,127,5,6,11,1,1,127,127,1,1,2
1,1,19,1,1,1,1,1,1,1,1,1,1,1,1,1,1,1,0,1,1,73,6,127,127,1,1,11,6,1,127,12,12,7,1,1,127,127,1,1,2
1,127,33,1,1,1,1,1,1,1,1,1,1,1,1,1,1,1,0,1,1,127,127,1,1,1,1,127,1,1,127,91,91,2,91,1,1,1,1,1,2
1,1,33,1,1,1,1,1,1,1,127,1,1,1,1,1,1,1,0,1,1,1,1,1,1,1,1,127,1,1,16,127,127,1,4,9,1,1,1,1,1
1,1,19,1,1,1,1,1,1,1,1,1,1,1,1,1,1,1,0,1,1,42,3,127,127,1,1,9,9,1,127,1,1,9,1,1,127,127,1,1,2
1,64,33,1,1,1,1,1,1,1,1,1,1,1,1,1,1,1,0,1,1,53,53,1,1,1,1,127,1,1,127,127,127,1,2,1,1,1,1,1,1
1,1,19,1,1,1,1,1,1,1,1,1,1,1,1,1,1,1,0,1,1,53,5,127,127,1,1,12,8,1,127,10,11,8,1,1,127,127,1,1,2
1,1,19,1,1,1,1,1,1,1,1,1,1,1,1,1,1,1,0,1,1,40,2,127,127,1,1,7,12,1,127,4,4,11,1,1,127,127,1,1,2
1,1,22,1,1,1,1,1,1,1,127,1,1,1,1,1,1,1,0,1,1,1,1,42,42,1,1,127,1,1,34,127,127,1,2,4,4,2,1,1,1
1,1,4,1,1,1,1,1,1,1,1,1,1,1,1,1,1,1,0,1,1,55,2,1,1,127,127,6,9,1,127,4,4,9,1,1,1,1,127,127,2
1,1,33,1,1,1,1,1,1,1,127,1,1,1,1,1,1,1,0,1,1,11,11,1,1,1,1,127,1,1,127,127,127,1,1,1,2,2,3,3,1
1,1,4,1,1,1,1,1,1,1,1,1,1,1,1,1,1,1,0,1,1,60,4,1,1,127,127,9,9,1,127,8,8,9,1,1,1,1,127,127,2
1,64,33,1,1,1,1,1,1,1,1,1,1,1,1,1,1,1,0,1,1,32,48,1,1,1,1,127,1,2,127,127,127,1,2,1,1,1,1,1,1
1,1,33,1,1,1,1,1,1,1,127,1,1,1,1,1,1,1,0,1,1,11,11,1,1,1,1,127,1,1,23,127,127,1,3,16,1,1,9,94,1
1,1,33,1,1,1,1,1,1,1,127,1,1,1,1,1,1,1,0,1,1,4,4,1,1,1,1,127,1,17,8,127,127,1,9,6,1,1,1,1,1
1,1,33,1,1,1,1,1,1,1,127,1,1,1,1,1,1,1,0,1,1,1,1,1,1,1,1,127,1,85,6,127,127,1,11,6,1,1,1,1,1
1,1,19,1,1,1,1,1,1,1,1,1,1,1,1,1,1,1,0,1,1,33,4,127,127,1,1,16,7,1,127,6,7,9,1,1,127,127,1,1,2
1,1,33,1,1,1,1,1,1,1,127,1,1,1,1,1,1,1,0,1,1,1,1,1,1,1,1,64,127,127,55,75,71,7,2,2,1,1,1,1,1
1,1,19,1,1,1,1,1,1,1,1,1,1,1,1,1,1,1,0,1,1,2,1,127,127,1,1,37,72,1,127,2,2,12,1,1,127,127,1,1,2
1,1,19,1,1,1,1,1,1,1,1,1,1,1,1,1,1,1,0,1,1,51,6,127,127,1,1,14,7,1,127,12,12,7,1,1,127,127,1,1,2
1,1,33,1,1,1,1,1,1,1,127,1,1,1,1,1,1,1,0,1,1,1,2,1,1,1,1,127,1,37,41,127,127,1,2,6,1,6,1,1,1
1,1,19,1,1,1,1,1,1,1,1,1,1,1,1,1,1,1,0,1,1,36,3,127,127,1,1,11,8,1,127,1,1,11,1,1,127,127,1,1,2
1,1,4,1,1,1,1,1,1,1,1,1,1,1,1,1,1,1,0,1,1,1,1,1,1,127,127,127,1,1,32,123,127,1,3,19,1,1,127,124,1
1,1,4,1,1,1,1,1,1,1,1,1,1,1,1,1,1,1,0,1,1,1,1,1,1,127,127,127,1,1,5,127,127,1,13,21,1,1,127,118,1
1,1,33,1,1,1,1,1,1,1,127,1,1,1,1,1,1,1,0,1,1,1,1,1,1,1,1,127,1,64,4,127,127,1,18,4,1,1,1,1,1
1,1,15,1,1,1,1,1,2,1,127,1,1,1,1,1,1,1,0,1,1,1,1,1,1,64,85,127,1,85,127,127,127,1,1,1,1,1,6,6,2
1,1,33,1,1,1,1,1,50,1,127,1,1,1,1,1,1,1,0,1,127,1,1,1,1,1,1,127,1,1,33,11,41,8,3,1,1,1,1,1,1
1,1,19,1,1,1,1,1,1,1,1,1,1,1,1,1,1,1,0,1,1,6,3,127,127,1,1,58,22,1,127,6,6,11,1,1,127,127,1,1,2
1,1,33,1,1,1,1,1,1,1,127,1,1,1,1,1,1,1,0,1,1,1,1,1,1,1,1,127,1,85,127,127,127,1,1,1,1,1,1,1,1
1,1,4,1,1,1,1,1,1,1,1,1,1,1,1,1,1,1,0,1,1,33,4,1,1,127,127,16,8,1,127,2,3,9,1,1,1,1,127,127,2
1,1,19,1,1,1,1,1,1,1,1,1,1,1,1,1,1,1,0,1,1,65,4,127,127,1,1,7,8,1,127,4,4,9,1,1,127,127,1,1,2
1,64,33,1,1,1,1,1,1,1,1,1,1,1,1,1,1,1,0,1,1,77,77,1,1,1,1,127,2,1,99,83,105,2,2,1,1,1,1,1,1
1,1,33,1,1,1,1,1,1,1,127,1,1,1,1,1,1,1,0,1,1,1,6,1,1,1,1,127,1,12,1,127,127,1,64,8,1,1,1,1,1
1,1,33,1,1,1,1,1,1,1,127,1,1,1,1,1,1,1,0,1,1,2,2,16,16,1,1,127,1,1,4,127,127,1,16,6,16,2,1,1,1
1,1,19,1,1,1,1,1,1,1,1,1,1,1,1,1,1,1,0,1,1,67,2,127,127,1,1,4,8,1,127,4,4,8,1,1,127,127,1,1,2
1,1,33,1,1,1,1,1,1,1,127,1,1,1,1,1,1,1,0,1,1,1,1,1,1,1,1,127,1,85,62,42,85,7,2,1,1,1,1,1,1
1,1,33,1,1,1,1,1,1,1,127,1,1,1,1,1,1,1,0,1,1,6,6,1,1,1,1,127,1,1,67,127,127,1,2,2,1,1,1,1,1
1,1,33,1,1,1,1,1,1,1,127,1,1,1,1,6,1,1,0,1,1,1,1,1,1,1,1,127,1,127,84,75,113,3,2,1,1,1,1,1,1
1,1,33,1,1,1,1,1,1,1,1,1,1,1,1,1,1,1,0,1,1,1,1,1,1,1,1,127,1,1,72,2,3,7,2,1,1,1,1,1,1
1,1,4,1,1,1,1,1,1,1,1,1,1,1,1,1,1,1,0,1,1,1,1,1,1,127,127,64,127,1,127,1,1,120,119,1,1,1,119,127,2
1,1,19,1,1,1,1,1,1,1,1,1,1,1,1,1,1,1,0,1,1,74,5,127,127,1,1,8,8,1,127,10,9,9,1,1,127,127,1,1,2
1,1,33,1,1,1,1,1,1,1,127,1,1,1,1,1,1,1,0,1,1,1,1,1,1,1,1,127,1,1,48,47,123,3,2,1,1,1,1,1,1
1,1,33,1,1,1,1,1,1,1,127,1,1,1,1,1,1,1,0,1,1,1,1,1,1,1,1,127,1,1,2,127,127,1,42,3,1,1,1,1,1
1,1,33,1,1,1,1,1,1,1,127,1,1,1,1,1,1,1,0,1,1,3,3,1,1,1,1,127,1,1,127,127,127,1,1,1,1,1,1,1,1
1,1,19,1,1,1,1,1,1,1,1,1,1,1,1,1,1,1,0,1,1,2,2,127,127,1,1,127,1,1,127,4,4,9,1,1,127,127,1,1,2
1,1,19,1,1,1,1,1,1,1,1,1,1,1,1,1,1,1,0,1,1,16,5,127,127,1,1,37,8,1,127,37,37,3,1,1,127,127,1,1,2
1,1,19,1,1,1,1,1,1,1,1,1,1,1,1,1,1,1,0,1,1,53,3,127,127,1,1,7,8,1,127,5,6,12,1,1,127,127,1,1,2
1,64,33,1,1,1,1,1,1,1,1,1,1,1,1,1,1,1,0,1,1,37,53,1,1,1,1,125,2,2,127,113,113,3,1,1,1,1,1,1,1
1,64,33,1,1,1,127,1,1,1,1,1,1,1,1,1,1,1,0,1,1,9,9,1,1,1,1,127,1,1,127,1,2,2,2,1,1,1,1,1,2
1,1,33,1,1,1,1,1,1,1,127,1,1,1,1,1,1,1,0,1,1,1,1,1,1,1,1,127,1,127,72,81,86,4,2,2,1,1,1,1,1
1,1,33,1,1,1,1,1,1,1,127,1,1,1,1,1,1,1,0,1,1,1,1,1,1,1,1,127,1,1,20,127,127,1,4,7,4,2,1,1,1
1,1,19,1,1,1,1,1,1,1,1,1,1,1,1,1,1,1,0,1,1,35,3,127,127,1,1,12,8,1,127,7,7,8,1,1,127,127,1,1,2
1,1,4,1,1,1,1,1,1,1,1,1,1,1,1,1,1,1,0,1,1,16,1,3,1,116,127,3,127,1,127,1,1,35,1,1,1,1,29,127,2
1,1,19,1,1,1,1,1,1,1,1,1,1,1,1,1,1,1,0,1,1,13,1,127,127,1,1,3,13,1,127,9,9,11,1,1,127,127,1,1,2
8,64,33,1,1,1,1,1,1,1,1,1,1,1,1,1,1,1,0,1,1,1,1,1,1,1,1,127,1,1,127,1,2,95,125,1,1,1,1,1,1
1,1,19,1,1,1,1,1,1,1,1,1,1,1,1,1,1,1,0,1,1,37,4,127,127,1,1,13,7,1,127,1,2,9,1,1,127,127,1,1,2
1,1,19,1,1,1,1,1,1,1,1,1,1,1,1,1,1,1,0,1,1,30,2,127,127,1,1,7,7,1,127,3,3,7,1,1,127,127,1,1,2
1,64,33,1,1,1,1,1,1,1,1,1,1,1,1,1,1,1,0,1,1,11,11,1,1,1,1,127,1,1,127,126,127,2,1,1,1,1,1,1,1
1,64,33,1,1,1,1,1,1,1,1,1,1,1,1,1,1,1,0,1,1,38,58,1,1,1,1,127,1,2,127,127,127,1,2,1,1,1,1,1,1
1,64,33,1,1,1,1,1,1,1,1,1,1,1,1,1,1,1,0,1,1,41,41,1,1,1,1,125,2,1,127,126,127,2,1,1,1,1,1,1,1
1,1,33,1,1,1,1,1,1,1,127,1,1,1,1,1,1,1,0,1,1,1,6,1,1,1,1,127,1,12,127,127,127,1,1,1,1,1,1,1,1
1,1,19,1,1,1,1,1,1,1,1,1,1,1,1,1,1,1,0,1,1,65,3,127,127,1,1,6,7,1,127,6,6,7,1,1,127,127,1,1,2
1,64,33,1,1,1,1,1,1,1,1,1,1,1,1,1,1,1,0,1,1,20,40,1,1,1,1,127,1,2,127,126,127,2,1,1,1,1,1,1,1
1,1,33,1,1,1,1,1,1,1,127,1,1,1,1,1,1,1,0,1,1,3,3,1,1,1,1,127,1,22,127,127,127,1,1,1,1,1,1,1,1
1,1,19,1,1,1,1,1,1,1,1,1,1,1,1,1,1,1,0,1,1,65,1,127,127,1,1,2,8,1,127,1,2,12,1,1,127,127,1,1,2
1,1,33,1,1,1,1,1,1,1,127,1,1,1,1,1,1,1,0,1,1,5,7,1,1,1,1,127,1,21,127,127,127,1,1,1,1,1,1,1,1
1,1,19,1,1,1,1,1,1,1,1,1,1,1,1,1,1,1,0,1,1,31,2,127,127,1,1,7,9,1,127,3,3,11,1,1,127,127,1,1,2
1,64,33,1,1,1,1,1,1,1,1,1,1,1,1,1,1,1,0,1,1,36,36,1,1,1,1,127,1,1,127,127,127,1,1,1,1,1,1,1,1
1,1,33,1,1,1,1,1,1,1,127,1,1,1,1,1,1,1,0,1,1,1,1,1,1,1,1,127,1,1,6,11,127,1,127,18,1,1,1,1,2
1,1,33,1,1,1,1,1,1,1,127,1,1,1,1,1,1,1,0,1,1,4,4,1,1,1,1,127,1,1,8,127,127,1,9,8,1,1,1,1,1
1,1,19,1,1,1,1,1,1,1,1,1,1,1,1,1,1,1,0,1,1,57,4,127,127,1,1,8,8,1,127,7,7,11,1,1,127,127,1,1,2
1,1,33,1,1,1,1,1,1,1,127,1,1,1,1,1,1,1,0,1,1,2,4,1,1,1,1,127,1,40,103,127,127,1,1,3,1,1,1,1,1
1,1,33,1,1,1,1,1,1,1,127,1,1,1,1,1,1,1,0,1,1,1,1,1,1,1,1,127,1,85,1,109,127,1,64,4,1,1,1,1,1
1,64,33,1,1,1,1,1,1,1,1,1,1,1,1,1,1,1,0,1,1,1,1,1,1,1,1,127,1,1,24,20,105,6,105,1,1,1,1,1,2
1,1,8,1,1,1,1,1,1,1,1,1,1,1,1,1,1,1,0,1,1,67,5,1,1,127,127,9,8,1,127,10,11,9,1,1,1,1,127,127,2
1,127,33,1,1,1,1,1,1,1,1,1,1,1,1,1,1,1,0,1,1,1,1,1,1,1,1,127,1,127,2,22,127,1,127,33,1,1,1,1,2
1,1,19,1,1,1,1,1,1,1,1,1,1,1,1,1,1,1,0,1,1,35,5,127,127,1,1,17,8,1,127,10,9,9,1,1,127,127,1,1,2
1,1,33,1,1,1,1,1,1,1,127,1,1,1,1,1,1,1,0,1,1,2,2,1,1,1,1,127,1,1,54,27,41,7,41,6,1,1,1,1,1
1,1,4,1,1,1,1,1,1,1,1,1,1,1,1,1,1,1,0,1,1,70,5,1,1,127,127,8,8,1,127,9,9,9,1,1,1,1,127,127,2
1,1,19,1,1,1,1,1,1,1,1,1,1,1,1,1,1,1,0,1,1,10,2,127,127,1,1,28,14,1,127,25,24,7,3,1,127,127,1,1,2
1,1,33,1,1,1,1,1,1,1,127,1,1,1,1,1,1,1,0,1,1,1,1,1,1,1,1,127,1,127,36,29,100,8,2,4,1,1,1,3,1
1,64,33,1,1,1,1,1,1,1,1,1,1,1,1,1,1,1,0,1,1,19,38,1,1,1,1,127,1,2,127,127,127,1,1,1,1,1,1,1,1
1,1,33,1,1,1,1,1,1,1,127,1,1,1,1,1,1,1,0,1,1,3,4,1,1,1,1,127,1,19,127,127,127,1,1,1,1,1,1,1,1
1,1,19,1,1,1,1,1,1,1,1,1,1,1,1,1,1,1,0,1,1,29,1,127,127,1,1,4,9,1,127,2,2,7,1,1,127,127,1,1,2
8,64,33,1,1,1,1,1,1,1,1,1,1,1,1,1,1,1,0,1,1,2,1,1,1,1,1,26,76,1,127,1,1,109,124,1,1,1,1,1,1
1,64,33,1,1,1,127,1,1,1,1,1,1,1,1,1,1,1,0,1,1,20,19,2,1,1,1,125,4,1,127,39,38,2,38,1,1,1,1,1,2
1,1,33,1,1,1,1,1,1,1,127,1,1,1,1,1,1,1,0,1,1,1,1,1,1,1,1,127,1,1,127,59,60,4,1,1,1,1,1,1,1
1,1,33,1,1,1,1,1,1,1,127,1,1,1,1,1,1,1,0,1,1,1,1,1,1,1,1,127,1,127,10,6,76,19,7,1,1,1,1,1,1
1,127,33,1,1,1,1,1,1,1,1,1,1,1,1,1,1,1,0,1,1,126,126,1,1,1,1,127,1,1,127,114,114,2,114,1,1,1,2,1,2
1,1,19,1,1,1,1,1,1,1,1,1,1,1,1,1,1,1,0,1,1,53,4,127,127,1,1,11,8,1,127,8,8,9,1,1,127,127,1,1,2
1,64,33,1,1,1,1,1,1,1,1,1,1,1,1,1,1,1,0,1,1,79,79,1,1,1,1,127,2,1,127,126,127,2,1,1,1,1,1,1,1
1,1,33,1,1,1,1,1,1,1,127,1,1,1,1,1,1,1,0,1,1,1,7,1,6,1,1,127,1,14,3,127,127,1,22,9,1,1,1,1,1
1,1,19,1,1,1,1,1,1,1,1,1,1,1,1,1,1,1,0,1,1,63,3,127,127,1,1,6,8,1,127,5,6,11,1,1,127,127,1,1,2
1,1,19,1,1,1,1,1,1,1,1,1,1,1,1,1,1,1,0,1,1,70,4,127,127,1,1,8,8,1,127,9,9,8,1,1,127,127,1,1,2
1,1,33,1,1,1,1,1,1,1,127,1,1,1,1,1,1,1,0,1,1,1,1,1,1,1,1,127,1,127,119,59,64,4,1,1,1,2,1,1,1
1,127,33,1,1,1,1,1,1,1,1,1,1,1,1,1,1,1,0,1,1,75,75,1,1,1,1,127,1,1,127,127,127,1,127,1,1,1,1,1,2
1,1,33,1,1,1,1,1,1,1,127,1,1,1,1,1,1,1,0,1,1,1,1,1,1,1,1,127,1,127,127,17,17,8,1,1,1,1,106,1,1
1,127,33,1,1,1,1,1,1,1,1,1,1,1,1,1,1,1,0,1,1,1,2,1,1,1,1,127,1,127,2,105,127,1,127,32,1,1,1,1,2
1,1,33,1,1,1,1,1,1,1,127,1,1,1,1,1,1,1,0,1,1,2,2,18,18,1,1,127,1,1,127,120,120,2,1,1,1,1,1,1,1
1,1,33,1,1,1,1,1,1,1,127,1,1,1,1,1,1,1,0,1,1,2,3,1,1,1,1,127,1,26,127,127,127,1,1,1,1,1,1,1,1
1,64,33,1,1,1,1,1,1,1,1,1,1,1,1,1,1,1,0,1,1,54,54,1,1,1,1,127,1,1,127,126,127,2,1,1,1,1,1,1,1
1,1,33,1,1,1,1,1,1,1,127,1,1,1,1,1,1,1,0,1,1,1,1,1,1,1,1,127,1,1,6,127,127,1,12,9,1,1,1,1,1
1,1,33,1,1,1,1,1,1,1,127,1,1,1,1,1,1,1,0,1,1,1,1,1,1,1,1,127,1,127,58,111,109,4,2,2,1,1,2,6,1
1,1,19,1,1,1,1,1,1,1,1,1,1,1,1,1,1,1,0,1,1,61,4,127,127,1,1,8,8,1,127,3,3,9,1,1,127,127,1,1,2
1,1,19,1,1,1,1,1,1,1,1,1,1,1,1,1,1,1,0,1,1,34,2,127,127,1,1,6,8,1,127,8,8,9,1,1,127,127,1,1,2
1,1,19,1,1,1,1,1,1,1,1,1,1,1,1,1,1,1,0,1,1,57,1,127,127,1,1,1,9,1,127,1,1,11,1,1,127,127,1,1,2
1,1,19,1,1,1,1,1,1,1,1,1,1,1,1,1,1,1,0,1,1,30,1,127,127,1,1,2,11,1,127,1,2,8,1,1,127,127,1,1,2
1,1,19,1,1,1,1,1,1,1,1,1,1,1,1,1,1,1,0,1,1,37,5,127,127,1,1,16,8,1,127,9,9,7,1,1,127,127,1,1,2
107,1,15,1,1,1,1,1,1,1,1,1,1,1,1,1,1,1,0,1,1,1,1,1,1,127,127,127,1,1,127,1,2,64,127,1,1,1,127,127,2
1,1,19,1,1,1,1,1,1,1,1,1,1,1,1,1,1,1,0,1,1,66,1,127,127,1,1,2,8,1,127,10,9,9,1,1,127,127,1,1,2
1,1,4,1,1,1,1,1,1,1,1,1,1,1,1,1,1,1,0,1,1,1,1,1,1,127,127,127,1,1,17,117,127,1,4,19,1,1,127,127,1
1,127,33,1,1,1,1,1,1,1,1,1,1,1,1,1,1,1,0,1,1,1,4,1,1,1,1,127,1,127,1,127,127,1,127,64,1,1,1,1,2
1,1,127,1,1,1,1,1,1,1,1,1,1,1,1,1,1,1,0,1,1,48,1,84,64,43,64,2,52,1,127,1,2,40,95,1,62,64,33,64,2
1,1,4,1,1,1,1,1,1,1,1,1,1,1,1,1,1,1,0,1,1,5,3,1,1,127,127,64,14,1,127,15,14,8,1,1,1,1,127,127,2
1,1,33,1,1,1,1,1,1,1,127,1,1,1,1,1,1,1,0,1,1,1,1,1,1,1,1,127,1,127,4,101,127,1,18,3,1,1,1,1,1
1,1,33,1,1,1,1,1,1,1,1,1,1,1,1,1,1,1,0,1,1,5,5,1,1,1,1,127,1,1,127,52,52,4,52,1,1,1,1,1,1
1,1,33,1,1,1,1,1,1,1,127,1,1,1,1,1,1,1,0,1,1,2,2,1,1,1,1,127,1,1,23,127,127,1,3,7,1,1,1,1,1
1,1,33,1,1,1,1,1,1,1,127,1,1,1,1,1,1,1,0,1,1,4,5,1,1,1,1,127,1,28,7,127,127,1,9,9,1,2,1,1,1
1,1,33,1,1,1,1,1,1,1,1,1,1,1,1,1,1,1,0,1,1,1,1,1,1,1,1,127,1,1,24,19,19,14,19,7,1,1,1,1,1
1,1,33,1,1,1,1,1,1,1,127,1,1,1,1,1,1,1,0,1,1,5,5,1,1,1,1,127,1,1,10,127,127,1,7,3,1,1,1,1,1
1,1,15,1,1,1,1,1,1,1,1,1,1,1,1,1,1,1,0,1,1,1,1,1,1,127,127,127,1,1,124,1,1,77,77,1,1,1,76,127,2
1,1,4,1,1,1,1,1,1,1,1,1,1,1,1,1,1,1,0,1,1,1,1,1,1,127,127,64,127,1,127,1,1,127,127,1,1,1,127,127,2
1,1,19,1,1,1,1,1,1,1,1,1,1,1,1,1,1,1,0,1,1,37,3,127,127,1,1,8,9,1,127,5,6,8,1,1,127,127,1,1,2
1,1,4,1,1,1,1,1,1,1,1,1,1,1,1,1,1,1,0,1,1,31,1,8,1,116,127,2,127,1,127,1,1,89,1,1,4,1,58,127,2
1,64,33,1,1,1,1,1,1,1,1,1,1,1,1,1,1,1,0,1,1,24,39,1,1,1,1,127,1,4,127,127,127,1,1,1,1,1,1,1,1
1,1,19,1,1,1,1,1,1,1,1,1,1,1,1,1,1,1,0,1,1,71,1,127,127,1,1,2,7,1,127,2,3,7,1,1,127,127,1,1,2
1,1,8,1,1,1,1,1,1,1,1,1,1,1,1,1,1,1,0,1,1,63,1,1,1,127,127,2,9,1,127,2,2,11,1,1,1,1,127,127,2
1,1,33,1,1,1,1,1,1,1,127,1,1,1,1,1,1,1,0,1,1,3,3,1,1,1,1,127,1,1,48,127,127,1,2,2,1,1,1,1,1
1,64,33,1,1,1,1,1,1,1,1,1,1,1,1,1,1,1,0,1,1,8,61,1,1,1,1,127,1,2,44,99,105,3,105,2,1,1,16,1,1
1,1,19,1,1,1,1,1,1,1,1,1,1,1,1,1,1,1,0,1,1,57,2,127,127,1,1,3,8,1,127,3,3,7,1,1,127,127,1,1,2
1,1,19,1,1,1,1,1,1,1,1,1,1,1,1,1,1,1,0,1,1,56,4,127,127,1,1,9,6,1,127,8,8,7,1,1,127,127,1,1,2
1,127,33,1,1,1,1,1,1,1,1,1,1,1,1,1,1,1,0,1,1,127,127,1,1,1,1,127,1,1,127,31,31,3,31,1,3,1,1,1,2
1,1,33,1,1,1,1,1,1,1,127,1,1,1,1,1,1,1,0,1,1,1,1,1,1,1,1,127,1,1,67,81,79,3,2,2,1,1,1,1,1
1,1,4,1,1,1,1,1,1,1,1,1,1,1,1,1,1,1,0,1,1,1,1,1,1,127,127,127,1,1,3,123,127,1,22,16,1,1,127,85,1
1,1,19,1,1,1,1,1,1,1,1,1,1,1,1,1,1,1,0,1,1,4,2,127,127,1,1,48,32,1,127,3,3,9,1,1,127,127,1,1,2
1,1,33,1,1,1,1,1,1,1,127,1,1,1,1,1,1,1,0,1,1,3,3,1,1,1,1,127,1,1,50,48,31,89,29,3,1,1,85,2,1
1,1,33,1,1,1,1,1,1,1,127,1,1,1,1,1,1,1,0,1,1,1,1,1,1,1,1,127,1,1,127,66,66,11,1,1,1,1,1,1,1
1,1,33,1,1,1,1,1,1,1,127,1,1,1,1,1,1,1,0,1,1,1,2,1,1,1,1,127,1,37,77,126,127,1,2,3,2,1,1,1,1
1,1,4,1,1,1,1,1,1,1,1,1,1,1,1,1,1,1,0,1,1,1,1,1,1,127,127,127,1,1,4,116,127,1,16,26,1,1,127,127,1
1,1,33,1,1,1,1,1,1,1,127,1,1,1,1,1,1,1,0,1,1,1,1,1,1,1,1,127,1,1,32,88,105,7,3,3,1,2,3,1,1
1,1,33,1,1,1,1,1,1,1,127,1,1,1,1,1,1,1,0,1,1,1,1,1,1,1,1,127,1,1,4,127,127,1,18,4,1,1,1,1,1
1,1,19,1,1,1,1,1,1,1,1,1,1,1,1,1,1,1,0,1,1,59,1,127,127,1,1,1,7,1,127,1,1,8,1,1,127,127,1,1,2
1,1,19,1,1,1,1,1,1,1,1,1,1,1,1,1,1,1,0,1,1,66,4,127,127,1,1,8,7,1,127,8,8,7,1,1,127,127,1,1,2
1,1,33,1,1,1,1,1,1,1,127,1,1,1,1,1,1,1,0,1,1,6,6,1,1,1,1,127,1,1,127,127,127,1,1,1,1,1,1,1,1
1,64,33,1,1,1,1,1,1,1,1,1,1,1,1,1,1,1,0,1,1,18,38,1,1,1,1,127,1,2,113,88,99,2,1,1,1,1,1,1,1
1,1,33,1,1,1,1,1,1,1,127,1,1,1,1,1,1,1,0,1,1,1,1,1,1,1,1,127,1,64,84,127,127,1,2,2,1,1,1,1,1
1,1,33,1,1,1,1,1,46,1,127,1,1,1,1,1,1,1,0,1,127,1,1,1,1,1,1,127,1,1,60,10,21,7,2,1,3,1,9,1,2
1,1,33,1,1,1,1,1,1,1,127,1,1,1,1,1,1,1,0,1,1,1,1,1,1,1,1,42,85,127,98,67,71,4,2,2,1,1,1,1,1
1,1,33,1,1,1,1,1,1,1,127,1,1,1,1,1,1,1,0,1,1,1,1,1,1,1,1,127,1,127,15,127,127,1,4,4,1,1,1,1,1
1,64,33,1,1,1,1,1,1,1,1,1,1,1,1,1,1,1,0,1,1,20,40,1,1,1,1,127,1,2,127,126,127,2,1,1,1,1,1,1,1
1,1,33,1,1,1,1,1,1,1,127,1,1,1,1,1,1,1,0,1,1,5,6,1,1,1,1,127,1,13,127,127,127,1,1,1,1,1,1,1,1
1,127,33,1,1,1,1,1,1,1,1,1,1,1,1,1,1,1,0,1,1,1,9,1,1,1,1,127,1,127,1,21,127,1,127,35,1,1,1,1,2
1,1,19,1,1,1,1,1,1,1,1,1,1,1,1,1,1,1,0,1,1,41,1,127,127,1,1,3,8,1,127,2,2,7,1,1,127,127,1,1,2
1,1,33,1,1,1,1,1,1,1,127,1,1,1,1,1,1,1,0,1,1,1,1,1,1,1,1,127,1,1,14,73,95,18,6,2,1,1,1,1,1
1,1,33,1,1,1,1,1,1,1,127,1,1,1,1,1,1,1,0,1,1,4,4,1,1,1,1,127,1,1,35,127,127,1,2,6,1,1,1,1,1
1,1,33,1,1,1,1,1,1,1,127,1,1,1,1,1,1,1,0,1,1,1,1,1,1,1,1,127,1,127,25,119,124,6,3,3,1,1,1,1,1
1,1,19,1,1,1,1,1,1,1,1,1,1,1,1,1,1,1,0,1,1,36,5,127,127,1,1,18,8,1,127,9,9,8,1,1,127,127,1,1,2
1,1,19,1,1,1,1,1,1,1,1,1,1,1,1,1,1,1,0,1,1,38,3,127,127,1,1,11,9,1,127,6,7,8,1,1,127,127,1,1,2
1,1,19,1,1,1,1,1,1,1,1,1,1,1,1,1,1,1,0,1,1,61,2,127,127,1,1,4,9,1,127,4,4,9,1,1,127,127,1,1,2
1,1,19,1,1,1,1,1,1,1,1,1,1,1,1,1,1,1,0,1,1,49,2,127,127,1,1,4,9,1,127,3,3,9,1,1,127,127,1,1,2
1,1,33,1,1,1,1,1,1,1,127,1,1,1,1,1,1,1,0,1,1,1,1,1,1,1,1,127,1,127,42,122,127,1,2,17,1,1,41,65,1
1,1,33,1,1,1,1,1,1,1,127,1,1,1,1,1,1,1,0,1,1,10,14,1,1,1,1,127,1,6,108,122,127,1,1,4,1,1,1,1,1
1,64,33,1,1,1,1,1,1,1,1,1,1,1,1,1,1,1,0,1,1,2,2,1,1,1,1,127,1,1,127,3,3,36,127,1,1,1,1,1,2
1,1,127,1,1,1,1,1,1,1,1,1,1,1,1,1,1,1,0,1,1,45,1,84,64,43,64,2,51,1,127,1,2,37,90,1,60,64,31,64,2
1,1,19,1,1,1,1,1,1,1,1,1,1,1,1,1,1,1,0,1,1,23,4,127,127,1,1,18,9,1,127,1,2,9,1,1,127,127,1,1,2
1,64,33,1,1,1,1,1,1,1,1,1,1,1,1,1,1,1,0,1,1,77,77,1,1,1,1,127,2,1,127,112,113,2,1,1,1,1,1,1,1
1,1,33,1,1,1,1,1,1,1,127,1,1,1,1,1,1,1,0,1,1,4,10,1,1,1,1,127,1,7,127,127,127,1,1,1,1,1,1,1,1
1,127,33,1,1,1,1,1,1,1,1,1,1,1,1,1,1,1,0,1,1,1,12,1,1,1,1,127,1,127,1,38,127,1,127,65,1,1,1,1,2
1,1,19,1,1,1,1,1,1,1,1,1,1,1,1,1,1,1,0,1,1,33,1,127,127,1,1,3,8,1,127,2,2,7,1,1,127,127,1,1,2
1,1,19,1,1,1,1,1,1,1,1,1,1,1,1,1,1,1,0,1,1,60,1,127,127,1,1,2,9,1,127,2,2,9,1,1,127,127,1,1,2
1,1,19,1,1,1,1,1,1,1,1,1,1,1,1,1,1,1,0,1,1,32,3,127,127,1,1,11,7,1,127,4,4,9,1,1,127,127,1,1,2
1,1,19,1,1,1,1,1,1,1,1,1,1,1,1,1,1,1,0,1,1,40,1,127,127,1,1,3,8,1,127,9,9,12,1,1,127,127,1,1,2
1,127,33,1,1,1,1,1,1,1,1,1,1,1,1,1,1,1,0,1,1,1,1,1,1,1,1,127,1,1,2,54,127,1,127,64,1,1,1,1,1
1,127,33,1,1,1,1,1,1,1,1,1,1,1,1,1,1,1,0,1,1,1,7,1,1,1,1,127,1,127,1,56,127,1,127,64,1,1,1,1,2
1,1,33,1,1,1,1,1,1,1,1,1,1,1,1,1,1,1,0,1,1,5,5,1,1,1,1,127,1,1,127,12,12,57,12,1,1,1,1,1,1
1,1,19,1,1,1,1,1,1,1,1,1,1,1,1,1,1,1,0,1,1,29,5,127,127,1,1,22,7,1,127,10,11,9,1,1,127,127,1,1,2
1,64,33,1,1,1,1,1,1,1,1,1,1,1,1,1,1,1,0,1,1,17,36,1,1,1,1,124,4,2,127,117,118,2,1,1,1,1,1,1,1
1,1,33,1,1,1,1,1,1,1,127,1,1,1,1,1,1,1,0,1,1,3,5,1,1,1,1,127,1,22,5,127,127,1,14,2,1,1,1,1,1
1,1,33,1,1,1,1,1,1,1,127,1,1,1,1,1,1,1,0,1,1,1,1,1,1,1,1,127,1,1,120,26,27,3,27,1,1,1,1,1,1
1,64,33,1,1,1,1,1,1,1,1,1,1,1,1,1,1,1,0,1,1,20,40,1,1,1,1,127,1,2,127,126,127,2,1,1,1,1,1,1,1
1,1,33,1,1,1,1,1,1,1,127,1,1,1,1,1,1,1,0,1,1,3,3,1,1,1,1,127,1,1,127,127,127,1,1,1,1,1,1,1,1
1,64,33,1,1,1,127,1,1,1,1,1,1,1,1,1,1,1,0,1,1,25,25,1,1,1,1,127,1,1,85,49,74,3,74,1,1,1,1,1,2
1,1,19,1,1,1,1,1,1,1,1,1,1,1,1,1,1,1,0,1,1,37,3,127,127,1,1,9,7,1,127,5,6,8,1,1,127,127,1,1,2
1,127,33,1,1,1,43,1,1,1,1,1,1,1,1,1,1,1,0,1,1,1,1,1,1,1,1,127,1,64,3,76,101,51,101,4,26,1,1,1,2
1,1,33,1,1,1,1,1,1,1,127,1,1,1,1,1,1,1,0,1,1,8,9,1,1,1,1,127,1,11,127,127,127,1,1,1,1,1,1,1,1
1,1,33,1,1,1,1,1,1,1,127,1,1,1,1,1,1,1,0,1,1,1,7,1,1,1,1,127,1,19,84,127,127,1,2,3,2,2,1,1,1
1,1,19,1,1,1,1,1,1,1,1,1,1,1,1,1,1,1,0,1,1,60,5,127,127,1,1,11,8,1,127,10,9,8,1,1,127,127,1,1,2
1,1,19,1,1,1,1,1,1,1,1,1,1,1,1,1,1,1,0,1,1,14,4,127,127,1,1,32,9,1,127,35,35,3,2,1,127,127,1,1,2
1,1,19,1,1,1,1,1,1,1,1,1,1,1,1,1,1,1,0,1,1,64,1,127,127,1,1,2,8,1,127,9,9,9,1,1,127,127,1,1,2
1,1,33,1,1,1,1,1,4,1,127,1,1,1,1,1,1,1,0,1,1,1,1,1,1,42,42,127,1,1,2,2,127,1,42,1,1,1,42,42,2
1,1,19,1,1,1,1,1,1,1,1,1,1,1,1,1,1,1,0,1,1,55,7,127,127,1,1,14,8,1,127,13,13,9,1,1,127,127,1,1,2
1,1,19,1,1,1,1,1,1,1,1,1,1,1,1,1,1,1,0,1,1,58,2,127,127,1,1,4,7,1,127,4,4,8,1,1,127,127,1,1,2
1,1,33,1,1,1,1,1,1,1,127,1,1,1,1,1,1,1,0,1,1,1,1,1,1,1,1,127,1,1,63,37,40,7,40,4,1,1,1,1,1
1,1,33,1,1,1,1,1,1,1,127,1,1,1,1,1,1,1,0,1,1,4,4,1,1,1,1,127,1,1,127,127,127,1,1,1,1,1,1,1,1
1,1,33,1,1,1,1,1,1,1,127,1,1,1,1,1,1,1,0,1,1,1,1,1,1,1,1,127,1,1,15,127,127,1,4,9,1,2,1,1,1
1,64,33,1,1,1,127,1,1,1,1,1,1,1,1,1,1,1,0,1,1,18,17,1,1,2,1,125,4,1,127,34,35,3,35,1,1,1,70,1,2
1,1,33,1,1,1,1,1,1,1,127,1,1,1,1,1,1,1,0,1,1,3,3,1,1,1,1,127,1,1,16,127,127,1,4,7,1,1,1,1,1
1,1,33,1,1,1,1,1,1,1,127,1,1,1,1,1,1,1,0,1,1,2,2,1,1,1,1,127,1,1,3,15,127,1,26,17,1,1,1,4,1
1,1,4,1,1,1,1,1,1,1,1,1,1,1,1,1,1,1,0,1,1,1,1,1,1,127,127,127,1,127,35,127,127,1,2,16,1,1,127,127,1
1,1,19,1,1,1,1,1,1,1,1,1,1,1,1,1,1,1,0,1,1,74,5,127,127,1,1,9,8,1,127,2,3,8,1,1,127,127,1,1,2
1,64,33,1,1,1,1,1,1,1,1,1,1,1,1,1,1,1,0,1,1,1,1,1,1,1,1,127,1,85,6,4,23,46,23,37,1,1,1,1,1
1,1,4,1,1,1,1,1,1,1,1,1,1,1,1,1,1,1,0,1,1,127,1,7,1,120,127,1,127,1,127,1,1,127,2,1,4,1,123,127,2
1,127,33,1,1,1,1,1,1,1,1,1,1,1,1,1,1,1,0,1,1,1,12,1,1,1,1,127,1,127,1,24,127,1,127,64,1,1,1,1,2
1,1,19,1,1,1,1,1,1,1,1,1,1,1,1,1,1,1,0,1,1,62,7,127,127,1,1,13,7,1,127,13,13,8,1,1,127,127,1,1,2
1,1,19,1,1,1,1,1,1,1,1,1,1,1,1,1,1,1,0,1,1,25,5,127,127,1,1,24,8,1,127,10,9,8,1,1,127,127,1,1,2
1,1,19,1,1,1,1,1,1,1,1,1,1,1,1,1,1,1,0,1,1,7,3,127,127,1,1,52,14,1,127,6,6,9,1,1,127,127,1,1,2
1,1,33,1,1,1,1,1,1,1,127,1,1,1,1,1,1,1,0,1,1,7,7,1,1,1,1,127,1,1,126,127,127,1,1,2,1,1,1,1,1
8,64,33,1,1,1,1,1,1,1,1,1,1,1,1,1,1,1,0,1,1,1,1,1,1,1,1,127,1,1,127,1,1,108,127,1,1,1,1,1,1
1,64,33,1,1,1,1,1,1,1,1,1,1,1,1,1,1,1,0,1,1,1,1,1,1,1,1,127,1,85,12,8,79,11,79,1,1,1,1,1,1
1,1,33,1,1,1,1,1,1,1,127,1,1,1,1,1,1,1,0,1,1,1,1,1,1,1,1,127,1,127,120,81,81,3,1,2,1,2,1,1,1
1,1,33,1,1,1,1,1,1,1,127,1,1,1,1,1,1,1,0,1,1,4,4,1,1,1,1,127,1,1,14,127,127,1,6,7,1,1,1,1,1
1,1,33,1,1,1,1,1,1,1,127,1,1,1,1,1,1,1,0,1,1,1,1,1,1,1,1,127,1,1,15,127,127,1,4,6,1,2,1,1,1
1,127,33,1,1,1,1,1,1,1,1,1,1,1,1,1,1,1,0,1,1,12,12,1,1,1,1,127,1,1,127,24,23,3,23,1,1,1,1,1,2
1,64,33,1,1,1,1,1,1,1,1,1,1,1,1,1,1,1,0,1,1,62,62,1,1,1,1,127,1,2,127,103,103,2,1,1,1,1,1,1,1
1,1,19,1,1,1,1,1,1,1,1,1,1,1,1,1,1,1,0,1,1,51,4,127,127,1,1,11,9,1,127,8,8,9,1,1,127,127,1,1,2
1,1,33,1,1,1,1,1,1,1,127,1,1,1,1,1,1,1,0,1,1,1,1,1,1,1,1,127,1,1,37,95,118,6,2,4,1,1,1,1,1
1,64,33,1,1,1,1,1,1,1,1,1,1,1,1,1,1,1,0,1,1,32,32,1,1,1,1,127,1,3,127,112,111,2,1,1,1,1,1,1,1
1,1,19,1,1,1,1,1,1,1,1,1,1,1,1,1,1,1,0,1,1,24,1,127,127,1,1,2,8,1,127,1,1,7,1,1,127,127,1,1,2
1,127,33,1,1,1,1,1,1,1,1,1,1,1,1,1,1,1,0,1,1,1,3,1,1,1,1,127,1,127,1,64,127,1,127,64,1,1,1,1,2
1,1,33,1,1,1,1,1,1,1,127,1,1,1,1,1,1,1,0,1,1,1,4,1,1,1,1,127,1,17,50,127,127,1,2,9,1,1,3,3,1
1,1,19,1,1,1,1,1,1,1,1,1,1,1,1,1,1,1,0,1,1,51,4,127,127,1,1,9,8,1,127,7,7,9,1,1,127,127,1,1,2
1,1,19,1,1,1,1,1,1,1,1,1,1,1,1,1,1,1,0,1,1,67,3,127,114,1,13,4,8,26,127,1,2,9,1,1,127,127,1,1,2
1,1,33,1,1,1,1,1,1,1,127,1,1,1,1,1,1,1,0,1,1,2,2,1,1,1,1,127,1,1,40,127,127,1,2,3,2,1,1,1,1
1,1,33,1,1,1,1,1,1,1,127,1,1,1,1,1,1,1,0,1,1,3,3,1,1,1,1,127,1,1,40,127,127,1,2,7,2,1,1,1,1
1,64,33,1,1,1,1,1,1,1,1,1,1,1,1,1,1,1,0,1,1,49,50,1,1,1,1,127,1,2,127,116,116,2,2,1,1,1,1,1,1
1,1,19,1,1,1,1,1,1,1,1,1,1,1,1,1,1,1,0,1,1,30,1,127,127,1,1,3,8,1,127,10,11,8,1,1,127,127,1,1,2
1,1,33,1,1,1,1,1,1,1,127,1,1,1,1,1,1,1,0,1,1,5,5,1,1,1,1,127,1,1,127,127,127,1,1,1,1,1,1,1,1
1,1,19,1,1,1,1,1,1,1,1,1,1,1,1,1,1,1,0,1,1,29,2,127,127,1,1,9,8,1,127,6,6,9,1,1,127,127,1,1,2
1,64,33,1,1,1,1,1,1,1,1,1,1,1,1,1,1,1,0,1,1,19,38,1,1,1,1,127,1,2,127,123,123,2,1,1,1,1,1,1,1
1,1,33,1,1,1,1,1,1,1,127,1,1,1,1,1,1,1,0,1,1,3,3,1,1,1,1,127,1,1,30,127,127,1,3,4,1,1,1,1,1
1,1,19,1,1,1,1,1,1,1,1,1,1,1,1,1,1,1,0,1,1,68,2,127,127,1,1,4,8,1,127,4,4,9,1,1,127,127,1,1,2
1,1,19,1,1,1,1,1,1,1,1,1,1,1,1,1,1,1,0,1,1,51,6,127,127,1,1,13,7,1,127,11,11,7,1,1,127,127,1,1,2
1,1,33,1,1,1,1,1,1,1,127,1,1,1,1,1,1,1,0,1,1,5,5,1,1,1,1,127,1,1,127,127,127,1,1,1,1,1,1,1,1
1,1,33,1,1,1,1,1,1,1,127,1,1,1,1,1,1,1,0,1,1,2,2,1,1,1,1,127,1,1,127,127,127,1,1,1,1,1,1,1,1
1,1,33,1,1,1,1,1,1,1,127,1,1,1,1,1,1,1,0,1,1,1,1,1,1,1,1,127,1,1,126,82,82,3,1,1,1,1,1,1,1
1,1,19,1,1,1,1,1,1,1,1,1,1,1,1,1,1,1,0,1,1,48,1,127,127,1,1,3,8,1,127,10,11,8,1,1,127,127,1,1,2
1,1,19,1,1,1,1,1,1,1,1,1,1,1,1,1,1,1,0,1,1,66,2,127,127,1,1,4,8,1,127,4,4,9,1,1,127,127,1,1,2
1,1,4,1,1,1,1,1,1,1,1,1,1,1,1,1,1,1,0,1,1,1,1,1,1,127,127,127,1,1,21,1,3,127,3,127,1,1,118,127,2
1,1,33,1,1,1,1,1,1,1,127,1,1,1,1,1,1,1,0,1,1,1,1,1,1,1,1,127,1,1,60,59,57,29,2,4,1,1,1,1,1
1,1,33,1,1,1,1,1,2,1,127,1,1,1,1,1,1,1,0,1,1,1,1,1,1,1,1,127,1,1,127,120,120,3,1,1,1,1,1,1,1
1,1,33,1,1,1,1,1,1,1,127,1,1,1,1,1,1,1,0,1,1,1,4,1,1,1,1,127,1,27,1,127,127,1,127,9,1,2,1,2,1
1,64,33,1,1,1,1,1,1,1,1,1,1,1,1,1,1,1,0,1,1,14,33,1,1,1,1,127,1,3,127,127,127,1,1,1,1,1,1,1,1
1,1,33,1,1,1,1,1,1,1,127,1,1,1,1,1,1,1,0,1,1,1,1,1,1,1,1,127,1,127,127,66,66,7,1,1,2,1,1,1,1
1,1,33,1,1,1,1,1,1,1,127,1,1,1,1,1,1,1,0,1,1,3,3,1,1,1,1,127,1,1,127,30,29,3,18,1,37,43,1,1,1
1,1,33,1,1,1,1,1,1,1,127,1,1,1,1,1,1,1,0,1,1,4,4,1,1,1,1,127,1,1,8,127,127,1,8,4,1,1,1,1,1
1,1,33,1,1,1,1,1,30,1,127,1,1,1,1,1,1,1,0,1,127,1,1,1,1,1,1,127,1,1,127,30,29,3,1,1,1,1,1,1,1
1,1,33,1,1,1,1,1,1,1,127,1,1,1,1,1,1,1,0,1,1,12,12,1,1,1,1,127,1,1,79,127,127,1,2,3,1,1,1,1,1
1,1,33,1,1,1,1,1,50,1,127,1,1,1,1,1,1,1,0,1,127,1,1,1,1,1,1,127,1,1,80,19,29,6,2,1,2,1,1,1,1
1,127,33,1,1,1,1,1,1,1,1,1,1,1,1,1,1,1,0,1,1,18,18,1,1,1,1,127,1,1,127,36,36,3,36,1,1,1,1,1,2
1,1,4,1,1,1,1,1,1,1,1,1,1,1,1,1,1,1,0,1,1,11,1,1,1,124,127,3,127,1,80,1,2,45,2,1,1,1,36,127,2
1,1,33,1,1,1,1,1,1,1,1,1,1,1,1,1,1,1,0,1,1,1,1,1,1,1,1,64,127,1,117,4,4,4,1,1,1,1,1,1,1
1,1,19,1,1,1,1,1,1,1,1,1,1,1,1,1,1,1,0,1,1,64,3,127,127,1,1,7,9,1,127,6,7,11,1,1,127,127,1,1,2
1,1,33,1,1,1,1,1,1,1,127,1,1,1,1,1,1,1,0,1,1,4,1,9,1,1,1,9,42,1,86,1,2,7,26,1,2,1,1,1,1
1,127,33,1,1,1,1,1,1,1,1,1,1,1,1,1,1,1,0,1,1,1,9,1,1,1,1,127,1,127,1,108,127,1,127,32,1,1,1,1,2
1,1,33,1,1,1,1,1,1,1,127,1,1,1,1,1,1,1,0,1,1,1,1,1,1,1,1,127,1,1,2,127,127,1,42,6,1,1,1,1,1
1,1,33,1,1,1,1,1,1,1,127,1,1,1,1,1,1,1,0,1,1,1,1,1,1,1,1,127,1,1,127,1,1,9,1,1,119,1,1,1,1
1,1,19,1,1,1,1,1,1,1,1,1,1,1,1,1,1,1,0,1,1,40,2,127,127,1,1,7,8,1,127,4,4,9,1,1,127,127,1,1,2
1,1,33,1,1,1,1,1,1,1,127,1,1,1,1,1,1,1,0,1,1,5,6,1,1,1,1,127,1,17,127,127,127,1,1,1,1,1,1,1,1
1,1,33,1,1,1,1,1,1,1,127,1,1,1,1,1,1,1,0,1,1,2,2,1,1,1,1,127,1,1,80,127,127,1,2,3,1,1,2,1,1
1,127,33,1,1,1,1,1,1,1,1,1,1,1,1,1,1,1,0,1,1,1,7,1,1,1,1,127,1,127,1,41,127,1,127,65,1,1,1,1,2
1,64,33,1,1,1,1,1,1,1,1,1,1,1,1,1,1,1,0,1,1,18,27,1,1,1,1,127,1,3,127,119,119,2,1,1,1,1,1,1,1
1,1,19,1,1,1,1,1,1,1,1,1,1,1,1,1,1,1,0,1,1,41,3,127,127,1,1,9,11,1,127,6,7,9,1,1,127,127,1,1,2
1,1,33,1,1,1,1,1,1,1,1,1,1,1,1,1,1,1,0,1,1,6,6,1,1,1,1,127,1,1,106,38,45,4,45,1,1,1,1,1,1
1,1,19,1,1,1,1,1,1,1,1,1,1,1,1,1,1,1,0,1,1,74,4,127,127,1,1,7,7,1,127,8,8,9,1,1,127,127,1,1,2
1,1,4,1,1,1,1,1,1,1,1,1,1,1,1,1,1,1,0,1,1,50,1,1,1,127,127,2,9,1,127,1,1,9,1,1,1,1,127,127,2
1,1,19,1,1,1,1,1,1,1,1,1,1,1,1,1,1,1,0,1,1,54,4,127,127,1,1,9,8,1,127,8,8,7,1,1,127,127,1,1,2
1,1,33,1,1,1,1,1,1,1,127,1,1,1,1,1,1,1,0,1,1,4,6,1,1,1,1,127,1,18,7,127,127,1,9,7,1,1,1,1,1
1,1,33,1,1,1,1,1,1,1,127,1,1,1,1,1,1,1,0,1,1,1,1,1,1,1,1,127,1,1,127,70,70,3,70,1,1,1,1,1,1
1,1,4,1,1,1,1,1,1,1,1,1,1,1,1,1,1,1,0,1,1,1,1,1,1,127,127,127,1,1,127,1,1,103,100,1,1,1,100,127,2
1,1,8,1,1,1,1,1,1,1,1,1,1,1,1,1,1,1,0,1,1,25,2,1,1,127,127,11,9,1,127,4,4,8,1,1,1,1,127,127,2
1,1,19,1,1,1,1,1,1,1,1,1,1,1,1,1,1,1,0,1,1,2,2,127,127,1,1,111,32,1,127,29,28,6,1,1,127,127,1,1,2
1,64,33,1,1,1,1,1,1,1,1,1,1,1,1,1,1,1,0,1,1,19,39,1,1,1,1,127,1,2,127,107,108,2,1,1,1,1,1,1,1
1,1,19,1,1,1,1,1,1,1,1,1,1,1,1,1,1,1,0,1,1,33,2,127,127,1,1,7,8,1,127,3,3,9,1,1,127,127,1,1,2
1,1,19,1,1,1,1,1,1,1,1,1,1,1,1,1,1,1,0,1,1,61,3,127,127,1,1,6,8,1,127,6,6,8,1,1,127,127,1,1,2
1,127,33,1,1,1,1,1,1,1,1,1,1,1,1,1,1,1,0,1,1,39,39,1,1,1,1,127,1,1,127,127,127,1,127,1,1,1,1,1,2
1,1,33,1,1,1,1,1,1,1,127,1,1,1,1,1,1,1,0,1,1,1,8,1,1,1,1,127,1,8,127,121,121,3,1,1,1,1,1,1,1
1,1,33,1,1,1,1,1,1,1,127,1,1,1,1,1,1,1,0,1,1,1,1,1,1,1,1,127,1,1,127,64,65,4,1,1,1,2,1,1,1
1,1,33,1,1,1,1,1,1,1,127,1,1,1,1,1,1,1,0,1,1,4,4,1,1,1,1,127,1,1,47,127,127,1,2,3,1,1,1,1,1
1,1,19,1,1,1,1,1,1,1,1,1,1,1,1,1,1,1,0,1,1,53,5,127,127,1,1,11,9,1,127,9,9,9,1,1,127,127,1,1,2
1,1,33,1,1,1,1,1,1,1,127,1,1,1,1,1,1,1,0,1,1,3,3,1,1,11,11,127,1,1,20,127,127,1,4,6,1,1,7,2,1
1,127,33,1,1,1,1,1,1,1,1,1,1,1,1,1,1,1,0,1,1,1,13,1,1,1,1,127,1,127,1,125,127,1,127,64,1,1,1,1,2
1,1,33,1,1,1,1,1,1,1,127,1,1,1,1,1,1,1,0,1,1,1,2,1,1,1,1,127,1,127,6,71,81,35,12,2,1,2,1,1,1
1,1,33,1,1,1,1,1,1,1,127,1,1,1,1,1,1,1,0,1,1,1,1,1,1,1,1,127,1,1,125,19,18,3,1,7,1,1,92,1,1
1,1,19,1,1,1,1,1,1,1,1,1,1,1,1,1,1,1,0,1,1,7,1,127,127,1,1,18,18,1,127,27,27,6,2,1,127,127,1,1,2
1,1,33,1,1,1,1,1,1,1,127,1,1,1,1,1,1,1,0,1,1,1,2,1,1,1,1,127,1,51,54,127,127,1,2,3,1,1,2,3,1
1,1,4,1,1,1,1,1,1,1,1,1,1,1,1,1,1,1,0,1,1,66,3,1,1,127,127,7,9,1,127,6,7,9,1,1,1,1,127,127,2
1,1,33,1,1,1,1,1,1,1,127,1,1,1,1,1,1,1,0,1,1,4,4,1,1,1,1,127,1,1,127,127,127,1,1,1,1,1,1,1,1
1,1,19,1,1,1,1,1,1,1,1,1,1,1,1,1,1,1,0,1,1,59,4,127,127,1,1,8,8,1,127,4,4,9,1,1,127,127,1,1,2
1,1,33,1,1,1,1,1,1,1,127,1,1,1,1,1,1,1,0,1,1,1,2,1,1,1,1,127,1,76,127,127,127,1,1,1,1,1,1,1,1
1,1,19,1,1,1,1,1,1,1,1,1,1,1,1,1,1,1,0,1,1,64,7,127,127,1,1,13,7,1,127,13,13,7,1,1,127,127,1,1,2
1,127,33,1,1,1,1,1,1,1,1,1,1,1,1,1,1,1,0,1,1,127,127,1,1,1,1,127,1,1,114,42,47,2,47,1,1,1,1,1,2
1,64,33,1,1,1,1,1,1,1,1,1,1,1,1,1,1,1,0,1,1,1,1,1,1,1,1,127,1,1,41,22,69,6,6,1,1,1,1,1,1
1,1,4,1,1,1,1,1,1,1,1,1,1,1,1,1,1,1,0,1,1,52,2,1,1,127,127,3,9,1,127,3,3,9,1,1,1,1,127,127,2
1,1,8,1,1,1,1,1,2,1,127,1,1,1,1,1,1,1,0,1,1,1,1,1,1,127,127,127,1,1,127,127,127,1,1,1,1,1,1,1,1
1,127,33,1,1,1,1,1,1,1,1,1,1,1,1,1,1,1,0,1,1,2,2,1,1,1,1,105,42,1,127,13,13,2,14,1,1,1,1,1,1
1,1,33,1,1,1,1,1,1,1,127,1,1,1,1,1,1,1,0,1,1,7,7,1,1,1,1,127,1,1,13,127,127,1,6,6,1,1,1,1,1
1,127,33,1,1,1,1,1,1,1,1,1,1,1,1,1,1,1,0,1,1,68,68,1,1,1,1,127,1,1,98,52,67,6,67,1,2,1,41,1,2
1,1,33,1,1,1,1,1,1,1,127,1,1,1,1,1,1,1,0,1,1,2,2,1,1,1,1,127,1,1,127,127,127,1,1,1,1,1,1,1,1
1,1,19,1,1,1,1,1,1,1,1,1,1,1,1,1,1,1,0,1,1,16,3,127,127,1,1,24,8,1,127,6,7,6,1,1,127,127,1,1,2
1,1,33,1,1,1,1,1,1,1,127,1,1,1,1,1,1,1,0,1,1,1,1,1,1,1,1,127,1,127,1,59,64,127,64,3,1,45,1,1,1
1,64,33,1,1,1,1,1,1,1,1,1,1,1,1,1,1,1,0,1,1,1,1,1,1,1,1,127,1,127,127,118,118,2,2,1,1,1,1,1,1
1,1,33,1,1,1,1,1,1,1,127,1,1,1,1,1,1,1,0,1,1,6,1,6,1,1,1,6,55,1,90,1,2,9,31,1,2,1,1,1,1
1,1,33,1,1,1,1,1,1,1,1,1,1,1,1,1,1,1,0,1,1,1,1,1,1,1,1,85,85,1,13,11,106,16,106,1,1,1,1,1,1
1,127,33,1,1,1,1,1,1,1,1,1,1,1,1,1,1,1,0,1,1,1,1,1,1,1,1,127,1,1,1,116,127,1,127,32,1,1,1,1,2
1,64,33,1,1,1,1,1,1,1,1,1,1,1,1,1,1,1,0,1,1,33,53,1,1,1,1,127,1,3,127,126,127,2,2,1,1,1,1,1,1
1,1,33,1,1,1,1,1,1,1,127,1,1,1,1,1,1,1,0,1,1,1,1,1,1,1,1,127,1,1,72,69,121,2,2,1,1,1,1,1,1
1,1,19,1,1,1,1,1,1,1,1,1,1,1,1,1,1,1,0,1,1,15,4,127,127,1,1,29,13,1,127,8,8,11,1,1,127,127,1,1,2
1,64,33,1,1,1,1,1,1,1,1,1,1,1,1,1,1,1,0,1,1,11,31,1,1,1,1,127,1,3,127,126,127,2,1,1,1,1,1,1,1
4,64,33,1,1,1,1,1,1,1,1,1,1,1,1,1,1,1,0,1,1,1,1,1,1,1,1,64,64,1,127,1,2,98,127,1,1,1,1,1,1
1,1,8,1,1,1,1,1,1,1,1,1,1,1,1,1,1,1,0,1,1,60,2,1,1,127,127,3,9,1,127,3,3,9,1,1,1,1,127,127,2
1,1,33,1,1,1,1,1,1,1,127,1,1,1,1,1,1,1,0,1,1,1,2,1,1,1,1,127,1,42,6,127,127,1,12,7,1,1,1,1,1
1,1,33,1,1,1,1,1,1,1,127,1,1,1,1,3,1,1,0,1,1,1,1,1,1,1,1,127,1,1,13,54,35,19,6,3,1,1,1,1,1
79,1,15,1,1,1,1,1,1,1,1,1,1,1,1,1,1,1,0,1,1,1,1,1,1,127,127,127,1,1,127,1,2,94,127,1,1,1,127,127,2
1,1,4,1,1,1,1,1,1,1,1,1,1,1,1,1,1,1,0,1,1,33,3,1,1,127,127,12,9,1,127,6,7,8,1,1,1,1,127,127,2
1,1,33,1,1,1,1,1,1,1,127,1,1,1,1,1,1,1,0,1,1,2,2,1,1,1,1,127,1,1,127,127,127,1,1,1,1,1,1,1,1
1,1,19,1,1,1,1,1,1,1,1,1,1,1,1,1,1,1,0,1,1,29,5,127,127,1,1,23,7,1,127,10,9,8,1,1,127,127,1,1,2
1,1,33,1,1,1,1,1,1,1,127,1,1,1,1,1,1,1,0,1,1,9,9,1,1,1,1,127,1,1,127,127,127,1,1,1,1,1,1,1,1
1,1,4,1,1,1,1,1,1,1,1,1,1,1,1,1,1,1,0,1,1,1,1,1,1,127,127,127,1,1,7,45,127,1,11,6,1,1,127,127,1
1,64,33,1,1,1,1,1,1,1,1,1,1,1,1,1,1,1,0,1,1,4,1,1,1,1,1,8,79,1,127,1,1,92,42,1,4,1,81,1,2
1,1,19,1,1,1,1,1,1,1,1,1,1,1,1,1,1,1,0,1,1,27,5,127,127,1,1,22,8,1,127,6,7,11,1,1,127,127,1,1,2
1,1,19,1,1,1,1,1,1,1,1,1,1,1,1,1,1,1,0,1,1,60,5,127,120,1,1,9,9,14,127,9,9,11,1,1,127,127,1,1,2
1,1,33,1,1,1,1,1,1,1,127,1,1,1,1,1,1,1,0,1,1,1,1,1,1,1,1,127,1,1,2,127,127,1,42,4,1,2,1,1,1
1,1,33,1,1,1,1,1,1,1,127,1,1,1,1,1,1,1,0,1,1,7,7,1,1,1,1,127,1,9,127,127,127,1,1,1,1,1,1,1,1
1,1,33,1,1,1,1,1,1,1,127,1,1,1,1,1,1,1,0,1,1,2,5,1,1,1,1,127,1,21,127,127,127,1,1,1,1,1,1,1,1
1,1,33,1,1,1,1,1,1,1,127,1,1,1,1,1,1,1,0,1,1,1,1,1,1,1,1,127,1,1,20,127,127,1,4,3,1,2,1,1,1
1,1,33,1,1,1,1,1,1,1,127,1,1,1,1,1,1,1,0,1,1,3,3,1,1,1,1,127,1,1,125,127,127,1,1,2,1,1,1,1,1
1,1,4,1,1,1,1,1,1,1,1,1,1,1,1,1,1,1,0,1,1,1,1,1,1,127,127,127,1,1,61,100,127,1,2,6,1,1,127,125,1
1,1,8,1,1,1,1,1,1,1,1,1,1,1,1,1,1,1,0,1,1,1,1,1,1,32,127,32,64,1,127,2,2,6,1,1,1,1,1,42,1
1,127,33,1,1,1,1,1,1,1,1,1,1,1,1,1,1,1,0,1,1,1,6,1,1,1,1,127,1,127,1,30,127,1,127,65,1,1,1,1,2
1,1,4,1,1,1,1,1,1,1,1,1,1,1,1,1,1,1,0,1,1,1,1,1,1,85,127,85,85,1,127,1,2,4,1,1,1,1,2,127,1
1,64,33,1,1,1,1,1,1,1,1,1,1,1,1,1,1,1,0,1,1,51,51,1,1,1,1,127,1,1,127,127,127,1,2,1,1,1,1,1,1
1,1,19,1,1,1,1,1,1,1,1,1,1,1,1,1,1,1,0,1,1,33,5,127,127,1,1,19,7,1,127,10,9,7,1,1,127,127,1,1,2
1,1,33,1,1,1,1,1,1,1,127,1,1,1,1,1,1,1,0,1,1,1,2,1,1,1,1,127,1,37,127,125,125,2,1,1,1,1,1,1,1
1,1,33,1,1,1,1,1,1,1,127,1,1,1,1,1,1,1,0,1,1,2,6,1,1,1,1,127,1,12,73,127,127,1,2,6,1,1,1,1,1
1,64,33,1,1,1,1,1,1,1,1,1,1,1,1,1,1,1,0,1,1,86,86,1,1,1,1,127,1,1,127,127,127,1,127,1,1,1,1,1,1
1,1,33,1,1,1,1,1,1,1,127,1,1,1,1,1,1,1,0,1,1,1,3,1,28,1,1,127,1,42,38,127,127,1,2,9,1,1,1,1,1
1,1,19,1,1,1,1,1,1,1,1,1,1,1,1,1,1,1,0,1,1,55,2,127,127,1,1,4,8,1,127,10,11,11,1,1,127,127,1,1,2
1,1,19,1,1,1,1,1,1,1,1,1,1,1,1,1,1,1,0,1,1,15,4,127,127,1,1,35,9,1,70,21,33,4,2,7,127,111,1,1,2
1,1,33,1,1,1,1,1,1,1,127,1,1,1,1,1,1,1,0,1,1,4,10,1,1,11,4,127,1,21,34,127,127,1,2,3,1,1,2,1,1
1,1,33,1,1,1,1,1,1,1,127,1,1,1,1,1,1,1,0,1,1,1,10,1,1,1,1,127,1,13,2,127,127,1,32,8,1,1,1,1,1
1,1,33,1,1,1,1,1,1,1,127,1,1,1,1,1,1,1,0,1,1,4,4,1,1,1,1,127,1,1,66,127,127,1,2,6,1,1,1,1,1
1,1,33,1,1,1,1,1,50,1,127,1,1,1,1,1,1,1,0,1,127,1,1,1,1,1,1,127,1,1,127,29,28,3,1,1,1,1,1,1,1
1,1,15,1,1,1,1,1,1,1,1,1,1,1,1,1,1,1,0,1,1,91,1,1,1,127,127,2,66,1,127,1,2,66,127,1,1,1,127,127,2
1,1,33,1,1,1,1,1,1,1,127,1,1,1,1,1,1,1,0,1,1,1,1,1,1,1,1,127,1,127,62,29,60,7,2,1,2,3,1,1,1
1,1,19,1,1,1,1,1,1,1,1,1,1,1,1,1,1,1,0,1,1,50,4,127,127,1,1,9,7,1,127,8,8,7,1,1,127,127,1,1,2
1,1,33,1,1,1,1,1,10,1,127,1,1,1,1,1,1,1,0,1,127,1,1,1,1,1,1,127,1,1,50,10,26,3,2,1,1,1,1,1,1
1,1,33,1,1,1,1,1,1,1,127,1,1,1,1,1,1,1,0,1,1,3,9,1,1,1,1,127,1,8,127,127,127,1,1,1,1,1,1,1,1
1,1,33,1,1,1,1,1,1,1,127,1,1,1,1,1,1,1,0,1,1,5,5,1,1,1,1,127,1,1,18,127,127,1,4,4,1,2,1,1,1
1,1,33,1,1,1,1,1,1,1,127,1,1,1,1,1,1,1,0,1,1,1,1,1,1,1,1,127,1,1,2,127,127,1,32,4,1,1,1,1,1
1,1,19,1,1,1,1,1,1,1,1,1,1,1,1,1,1,1,0,1,1,71,2,127,127,1,1,3,8,1,127,4,4,8,1,1,127,127,1,1,2
1,1,19,1,1,1,1,1,1,1,1,1,1,1,1,1,1,1,0,1,1,31,1,127,127,1,1,3,8,1,127,9,9,9,1,1,127,127,1,1,2
1,1,19,1,1,1,1,1,1,1,1,1,1,1,1,1,1,1,0,1,1,74,5,127,127,1,1,9,8,1,127,10,11,9,1,1,127,127,1,1,2
1,1,19,1,1,1,1,1,1,1,1,1,1,1,1,1,1,1,0,1,1,53,1,127,127,1,1,1,9,1,127,1,1,12,1,1,127,127,1,1,2
1,1,33,1,1,1,1,1,1,1,127,1,1,1,1,1,1,1,0,1,1,1,1,1,1,1,1,127,1,1,23,44,12,12,12,3,1,1,1,1,1
1,1,19,1,1,1,1,1,1,1,1,1,1,1,1,1,1,1,0,1,1,29,1,127,127,1,1,3,9,1,127,1,2,11,1,1,127,127,1,1,2
1,64,33,1,1,1,1,1,1,1,1,1,1,1,1,1,1,1,0,1,1,26,26,1,1,1,1,127,1,3,127,126,125,2,1,1,1,1,1,1,1
1,1,33,1,1,1,1,1,1,1,127,1,1,1,1,1,1,1,0,1,1,1,1,1,1,1,1,127,1,1,62,39,74,13,2,4,2,1,2,1,1
1,127,33,1,1,1,1,1,1,1,1,1,1,1,1,1,1,1,0,1,1,1,7,1,1,1,1,127,1,127,1,61,127,1,127,32,1,1,1,1,2
1,1,4,1,1,1,1,1,1,1,1,1,1,1,1,1,1,1,0,1,1,127,1,13,1,114,127,1,127,1,127,1,1,127,1,1,16,1,111,127,2
1,1,33,1,1,1,1,1,1,1,127,1,1,1,1,1,1,1,0,1,1,4,10,1,1,1,1,127,1,11,127,127,127,1,1,1,1,1,1,1,1
1,64,33,1,1,1,1,1,1,1,1,1,1,1,1,1,1,1,0,1,1,1,1,1,1,1,1,127,1,1,3,2,85,42,85,1,1,1,1,1,1
1,1,33,1,1,1,1,1,1,1,127,1,1,1,1,1,1,1,0,1,1,1,1,1,1,1,1,127,1,1,22,127,127,1,3,6,1,1,1,1,1
1,1,19,1,1,1,1,1,1,1,1,1,1,1,1,1,1,1,0,1,1,52,1,127,127,1,1,3,9,1,127,8,8,7,1,1,127,127,1,1,2
1,1,4,1,1,1,1,1,1,1,1,1,1,1,1,1,1,1,0,1,1,1,1,1,1,127,127,127,1,1,35,1,2,127,2,1,1,1,115,127,2
1,1,19,1,1,1,1,1,1,1,1,1,1,1,1,1,1,1,0,1,1,69,2,127,127,1,1,3,7,1,127,3,3,7,1,1,127,127,1,1,2
1,1,19,1,1,1,1,1,1,1,1,1,1,1,1,1,1,1,0,1,1,63,2,127,127,1,1,3,9,1,127,3,3,11,1,1,127,127,1,1,2
1,1,19,1,1,1,1,1,1,1,1,1,1,1,1,1,1,1,0,1,1,2,1,127,127,1,1,64,32,1,127,32,32,3,1,1,127,127,1,1,2
1,1,33,1,1,1,1,1,1,1,127,1,1,1,1,1,1,1,0,1,1,2,2,1,1,1,1,127,1,1,35,127,127,1,2,4,1,1,1,1,1
1,64,33,1,1,1,1,1,1,1,1,1,1,1,1,1,1,1,0,1,1,7,2,1,1,1,1,28,14,1,127,3,3,111,17,1,14,1,96,1,2
1,1,4,1,1,1,1,1,1,1,1,1,1,1,1,1,1,1,0,1,1,35,5,1,1,127,127,18,8,1,127,2,3,9,1,1,1,1,127,127,2
1,1,33,1,1,1,1,1,1,1,127,1,1,1,1,1,1,1,0,1,1,1,3,1,1,1,1,127,1,28,70,127,127,1,2,2,1,1,1,1,1
1,1,19,1,1,1,1,1,1,1,1,1,1,1,1,1,1,1,0,1,1,8,2,127,127,1,1,33,17,1,127,18,18,7,1,1,127,127,1,1,2
1,1,33,1,1,1,1,1,1,1,127,1,1,1,1,1,1,1,0,1,1,7,7,1,1,1,1,127,1,1,13,127,127,1,6,7,1,1,1,1,1
1,1,19,1,1,1,1,1,1,1,1,1,1,1,1,1,1,1,0,1,1,59,4,127,127,1,1,8,9,1,127,7,7,9,1,1,127,127,1,1,2
1,1,33,1,1,1,1,1,1,1,127,1,1,1,1,1,1,1,0,1,1,3,3,1,1,1,1,127,1,1,127,127,127,1,1,1,1,1,1,1,1
15,1,33,1,1,1,1,1,2,1,127,1,1,1,1,1,1,1,0,1,1,1,1,1,1,1,1,127,1,1,4,8,127,1,127,16,1,1,1,1,2
1,1,33,1,1,1,1,1,1,1,127,1,1,1,1,1,1,1,0,1,1,1,1,1,1,1,1,127,1,1,2,127,127,1,42,6,1,1,1,1,1
1,1,4,1,1,1,1,1,1,1,1,1,1,1,1,1,1,1,0,1,1,1,1,1,1,127,127,127,1,1,1,52,127,1,127,4,1,1,127,3,2
1,1,19,1,1,1,1,1,1,1,1,1,1,1,1,1,1,1,0,1,1,36,1,127,127,1,1,2,8,1,127,2,2,9,1,1,127,127,1,1,2
1,1,4,1,1,1,1,1,1,1,1,1,1,1,1,1,1,1,0,1,1,58,1,1,1,127,127,1,9,1,127,1,1,11,1,1,1,1,127,127,2
1,1,33,1,1,1,1,1,1,1,127,1,1,1,1,1,1,1,0,1,1,1,1,1,1,1,1,127,1,127,24,75,108,8,3,2,1,1,1,1,1
1,1,33,1,1,1,1,1,1,1,127,1,1,1,1,1,1,1,0,1,1,1,1,1,1,1,1,127,1,127,103,82,94,4,1,2,1,1,1,1,1
1,1,19,1,1,1,1,1,1,1,1,1,1,1,1,1,1,1,0,1,1,15,3,127,127,1,1,22,9,1,127,3,3,9,1,1,127,127,1,1,2
1,1,33,1,1,1,1,1,1,1,127,1,1,1,1,1,1,1,0,1,1,5,5,1,1,1,1,127,1,1,127,127,127,1,1,1,1,1,1,1,1
1,127,33,1,1,1,1,1,1,1,1,1,1,1,1,1,1,1,0,1,1,1,1,1,1,1,1,127,1,127,1,16,127,1,127,64,1,1,1,1,2
1,1,19,1,1,1,1,1,1,1,1,1,1,1,1,1,1,1,0,1,1,62,4,127,127,1,1,8,8,1,127,3,3,12,1,1,127,127,1,1,2
1,1,19,1,1,1,1,1,1,1,1,1,1,1,1,1,1,1,0,1,1,63,1,127,127,1,1,3,9,1,127,2,3,9,1,1,127,127,1,1,2
1,1,19,1,1,1,1,1,1,1,1,1,1,1,1,1,1,1,0,1,1,62,2,127,127,1,1,4,8,1,127,4,4,8,1,1,127,127,1,1,2
1,1,19,1,1,1,1,1,1,1,1,1,1,1,1,1,1,1,0,1,1,40,3,127,127,1,1,8,9,1,127,5,6,12,1,1,127,127,1,1,2
1,127,33,1,1,1,1,1,1,1,1,1,1,1,1,1,1,1,0,1,1,1,13,1,1,1,1,127,1,127,1,13,127,1,127,36,1,1,1,1,2
1,1,19,1,1,1,1,1,1,1,1,1,1,1,1,1,1,1,0,1,1,27,3,127,127,1,1,11,8,1,28,4,18,14,3,1,127,127,1,1,2
1,1,33,1,1,1,1,1,1,1,127,1,1,1,1,1,1,1,0,1,1,6,6,1,1,1,1,127,1,1,68,127,127,1,2,6,1,1,1,1,1
1,1,33,1,1,1,1,1,1,1,127,1,1,1,1,1,1,1,0,1,1,4,4,1,1,1,1,127,1,1,127,127,127,1,1,1,1,1,1,1,1
1,1,33,1,1,1,1,1,1,1,1,1,1,1,1,1,1,1,0,1,1,1,1,1,1,1,1,127,1,1,31,1,3,13,3,127,1,1,1,1,1
1,1,19,1,1,1,1,1,1,1,1,1,1,1,1,1,1,1,0,1,1,9,4,123,127,4,1,48,12,1,127,1,1,8,2,1,127,127,1,1,2
1,1,33,1,1,1,1,1,1,1,127,1,1,1,1,1,1,1,0,1,1,1,1,1,1,1,1,127,1,1,1,1,127,1,127,1,1,1,1,1,1
1,1,33,1,1,1,1,1,1,1,127,1,1,1,1,1,1,1,0,1,1,3,3,1,1,1,1,127,1,22,127,127,127,1,1,1,1,1,1,1,1
1,1,8,1,1,1,1,1,1,1,1,1,1,1,1,1,1,1,0,1,1,28,2,1,1,127,127,7,9,1,127,3,3,8,1,1,1,1,127,127,2
1,1,4,1,1,1,1,1,1,1,1,1,1,1,1,1,1,1,0,1,1,1,1,1,1,127,127,127,1,1,1,126,127,1,64,6,1,1,127,106,1
1,1,33,1,1,1,1,1,1,1,1,1,1,1,1,1,1,1,0,1,1,1,1,1,1,1,1,127,1,1,38,17,16,7,16,8,1,1,1,1,1
1,64,33,1,1,1,1,1,1,1,1,1,1,1,1,1,1,1,0,1,1,1,1,1,1,1,1,32,64,1,127,120,120,2,1,1,1,1,1,1,1
1,1,4,1,1,1,1,1,1,1,1,1,1,1,1,1,1,1,0,1,1,2,1,1,1,51,127,26,127,1,55,1,2,9,2,1,1,1,3,127,2
1,1,33,1,1,1,1,1,1,1,127,1,1,1,1,1,1,1,0,1,1,1,1,1,1,1,1,127,1,1,60,127,127,1,2,2,1,1,1,1,1
1,64,33,1,1,1,1,1,1,1,1,1,1,1,1,1,1,1,0,1,1,1,1,1,1,1,1,127,1,127,15,40,17,17,17,6,1,1,1,1,1
1,1,19,1,1,1,1,1,1,1,1,1,1,1,1,1,1,1,0,1,1,74,3,127,127,1,1,6,7,1,127,6,7,9,1,1,127,127,1,1,2
1,64,33,1,1,1,1,1,1,1,1,1,1,1,1,1,1,1,0,1,1,1,1,1,1,1,1,127,1,1,58,50,109,3,109,1,1,1,1,1,2
1,1,33,1,1,1,1,1,1,1,1,1,1,1,1,1,1,1,0,1,1,1,1,1,1,1,1,127,1,1,115,47,51,4,51,3,1,1,1,1,1
1,1,19,1,1,1,1,1,1,1,1,1,1,1,1,1,1,1,0,1,1,54,2,127,127,1,1,4,9,1,127,4,4,12,1,1,127,127,1,1,2
17,1,15,1,1,1,1,1,1,1,1,1,1,1,1,1,1,1,0,1,1,1,1,1,1,127,127,127,1,1,127,1,2,92,127,1,1,1,127,127,2
1,1,19,1,1,1,1,1,1,1,1,1,1,1,1,1,1,1,0,1,1,16,1,127,127,1,1,7,8,1,127,2,2,7,1,1,127,127,1,1,2
1,1,19,1,1,1,1,1,1,1,1,1,1,1,1,1,1,1,0,1,1,40,1,127,127,1,1,2,9,1,127,3,3,11,1,1,127,127,1,1,2
1,1,33,1,1,1,1,1,1,1,127,1,1,1,1,1,1,1,0,1,1,2,2,1,1,1,1,127,1,1,127,127,127,1,1,1,1,1,1,1,1
1,1,33,1,1,1,1,1,1,1,127,1,1,1,1,1,1,1,0,1,1,1,1,1,1,1,1,127,1,1,51,84,82,8,2,2,1,1,1,1,1
1,1,33,1,1,1,1,1,1,1,127,1,1,1,1,1,1,1,0,1,1,2,2,1,1,1,1,127,1,1,127,125,124,2,1,1,1,1,1,1,1
1,1,19,1,1,1,1,1,1,1,1,1,1,1,1,1,1,1,0,1,1,37,7,127,127,1,1,22,7,1,127,13,13,7,1,1,127,127,1,1,2
1,1,33,1,1,1,1,1,1,1,127,1,1,1,1,1,1,1,0,1,1,6,6,1,1,1,1,127,1,1,127,127,127,1,2,1,1,1,1,1,1
1,127,33,1,1,1,1,1,1,1,1,1,1,1,1,1,1,1,0,1,1,119,119,1,1,1,1,127,1,1,127,127,127,1,127,1,1,1,1,1,2
1,1,19,1,1,1,1,1,1,1,1,1,1,1,1,1,1,1,0,1,1,67,3,127,127,1,1,4,8,1,127,6,6,9,1,1,127,127,1,1,2
1,1,33,1,1,1,1,1,1,1,127,1,1,1,1,1,1,1,0,1,1,3,4,1,1,1,1,127,1,42,127,127,127,1,1,1,1,1,1,1,1
1,1,33,1,1,1,1,1,1,1,127,1,1,1,1,1,1,1,0,1,1,9,9,1,1,1,1,127,1,1,35,127,127,1,2,4,1,1,1,1,1
1,1,33,1,1,1,1,1,1,1,127,1,1,1,1,1,1,1,0,1,1,2,2,1,1,1,1,127,1,1,90,27,38,3,38,1,1,1,1,1,1
1,64,33,1,1,1,1,1,1,1,1,1,1,1,1,1,1,1,0,1,1,1,1,1,1,1,1,127,1,1,8,7,111,16,111,1,1,1,1,1,1
1,1,33,1,1,1,1,1,1,1,127,1,1,1,1,1,1,1,0,1,1,2,2,1,1,1,1,127,1,1,11,127,127,1,7,7,1,1,1,1,1
1,1,33,1,1,1,1,1,1,1,127,1,1,1,1,1,1,1,0,1,1,2,2,1,1,1,1,127,1,1,127,127,127,1,1,1,1,1,1,1,1
1,1,4,1,1,1,1,1,1,1,1,1,1,1,1,1,1,1,0,1,1,18,5,1,1,127,127,31,9,1,127,9,9,7,1,1,1,1,127,127,2
1,1,33,1,1,1,1,1,2,1,127,1,1,1,1,1,1,1,0,1,1,1,1,1,1,1,1,127,1,1,127,127,127,1,1,1,1,1,1,1,1
1,1,33,1,1,1,1,1,1,1,127,1,1,1,1,1,1,1,0,1,1,1,1,1,1,1,1,127,1,1,1,5,127,1,127,26,1,1,1,1,2
1,64,33,1,1,1,1,1,1,1,1,1,1,1,1,1,1,1,0,1,1,7,2,1,1,1,1,28,19,1,127,3,3,99,31,1,21,1,77,1,2
1,1,8,1,1,1,1,1,1,1,1,1,1,1,1,1,1,1,0,1,1,1,1,1,1,127,127,64,127,1,127,1,1,96,95,1,1,1,95,127,2
1,1,19,1,1,1,1,1,1,1,1,1,1,1,1,1,1,1,0,1,1,25,2,127,127,1,1,8,8,1,127,4,4,8,1,1,127,127,1,1,2
1,1,19,1,1,1,1,1,1,1,1,1,1,1,1,1,1,1,0,1,1,26,1,127,127,1,1,3,9,1,127,1,2,9,1,1,127,127,1,1,2
1,1,33,1,1,1,1,1,1,1,127,1,1,1,1,1,1,1,0,1,1,5,5,1,1,1,1,127,1,1,31,127,127,1,3,11,1,1,1,1,1
1,1,33,1,1,1,1,1,1,1,127,1,1,1,1,1,1,1,0,1,1,1,3,1,1,1,1,127,1,23,109,127,127,1,1,2,1,1,1,1,1
1,1,19,1,1,1,1,1,1,1,1,1,1,1,1,1,1,1,0,1,1,37,2,127,127,1,1,7,8,1,127,4,4,9,1,1,127,127,1,1,2
1,1,19,1,1,1,1,1,1,1,1,1,1,1,1,1,1,1,0,1,1,70,1,127,127,1,1,1,8,1,127,3,3,9,1,1,127,127,1,1,2
1,1,33,1,1,1,1,1,1,1,127,1,1,1,1,1,1,1,0,1,1,1,1,64,64,1,1,127,1,1,32,127,127,1,3,2,1,1,1,1,1
1,1,19,1,1,1,1,1,1,1,1,1,1,1,1,1,1,1,0,1,1,27,2,127,127,1,1,8,9,1,127,3,3,8,1,1,127,127,1,1,2
1,1,19,1,1,1,1,1,1,1,1,1,1,1,1,1,1,1,0,1,1,66,3,127,127,1,1,7,8,1,127,3,3,8,1,1,127,127,1,1,2
1,64,33,1,1,1,1,1,1,1,1,1,1,1,1,1,1,1,0,1,1,1,1,1,1,1,1,127,1,1,23,13,71,6,71,1,1,1,1,1,1
1,1,4,1,1,1,1,1,1,1,1,1,1,1,1,1,1,1,0,1,1,65,5,1,1,127,127,11,8,1,127,10,11,9,1,1,1,1,127,127,2
1,127,33,1,1,1,1,1,1,1,1,1,1,1,1,1,1,1,0,1,1,1,1,1,1,1,1,64,127,1,127,7,7,2,9,1,1,1,1,1,1
1,1,33,1,1,1,1,1,1,1,127,1,1,1,1,1,1,1,0,1,1,1,1,1,1,1,1,127,1,127,127,19,19,8,1,1,94,1,2,1,1
1,1,8,1,1,1,1,1,1,1,1,1,1,1,1,1,1,1,0,1,1,25,5,1,1,127,127,26,9,1,127,4,4,11,1,1,1,1,127,127,2
1,64,33,1,1,1,1,1,1,1,1,1,1,1,1,1,1,1,0,1,1,37,57,1,1,1,1,127,1,2,127,127,127,1,2,1,1,1,1,1,1
1,1,4,1,1,1,1,1,1,1,1,1,1,1,1,1,1,1,0,1,1,31,1,9,1,116,127,2,127,1,127,1,1,89,1,1,4,1,57,127,2
1,1,19,1,1,1,1,1,1,1,1,1,1,1,1,1,1,1,0,1,1,53,2,127,127,1,1,6,11,1,127,4,4,9,1,1,127,127,1,1,2
1,1,8,1,1,1,1,1,1,1,1,1,1,1,1,1,1,1,0,1,1,35,3,1,1,127,127,9,9,1,127,5,6,8,1,1,1,1,127,127,2
1,1,33,1,1,1,1,1,4,1,127,1,1,1,1,1,1,1,0,1,1,1,1,1,1,1,1,127,1,1,43,43,127,1,2,1,2,2,2,2,2
1,1,19,1,1,1,1,1,1,1,1,1,1,1,1,1,1,1,0,1,1,24,1,127,127,1,1,6,8,1,127,2,3,8,1,1,127,127,1,1,2
2,1,33,1,1,1,1,1,2,1,127,1,127,64,1,50,1,1,0,1,1,1,1,1,1,1,1,127,1,1,127,10,11,9,1,1,123,114,1,1,1
1,1,19,1,1,1,1,1,1,1,1,1,1,1,1,1,1,1,0,1,1,27,3,127,127,1,1,14,7,1,127,6,7,7,1,1,127,127,1,1,2
1,1,33,1,1,1,1,1,1,1,127,1,1,1,1,1,1,1,0,1,1,3,10,1,46,1,1,127,1,11,6,127,127,1,12,4,1,1,1,1,1
15,64,33,1,1,1,1,1,1,1,1,1,1,1,1,1,1,1,0,1,1,1,1,1,1,1,1,127,1,1,127,1,1,100,125,1,1,1,1,1,1
1,64,33,1,1,1,1,1,1,1,1,1,1,1,1,1,1,1,0,1,1,17,37,1,1,1,1,127,1,2,127,127,127,1,1,1,1,1,1,1,1
4,64,33,1,1,1,1,1,1,1,1,1,1,1,1,1,1,1,0,1,1,1,1,1,1,1,1,127,1,1,55,1,2,90,120,1,1,1,1,1,1
1,1,19,1,1,1,1,1,1,1,1,1,1,1,1,1,1,1,0,1,1,29,5,127,127,1,1,22,7,1,127,10,11,7,1,1,127,127,1,1,2
1,1,19,1,1,1,1,1,1,1,1,1,1,1,1,1,1,1,0,1,1,22,1,127,127,1,1,4,9,1,127,9,9,11,1,1,127,127,1,1,2
1,1,33,1,1,1,1,1,1,1,127,1,1,1,1,1,1,1,0,1,1,2,2,1,1,1,1,127,1,42,31,127,127,1,3,7,1,1,1,1,1
1,1,33,1,1,1,1,1,1,1,127,1,1,1,1,1,1,1,0,1,1,4,4,1,1,1,1,127,1,18,127,127,127,1,1,1,1,1,2,2,1
1,1,33,1,1,1,1,1,1,1,127,1,1,1,1,1,1,1,0,1,1,1,1,1,1,1,1,127,1,1,11,127,127,1,7,8,1,1,1,1,1
1,1,33,1,1,1,1,1,1,1,127,1,1,1,1,1,1,1,0,1,1,4,4,1,1,1,1,127,1,1,127,127,127,1,1,1,1,1,1,1,1
1,127,33,1,1,1,1,1,1,1,1,1,1,1,1,1,1,1,0,1,1,126,126,1,1,1,1,127,1,1,127,69,70,22,70,1,1,1,1,1,2
26,1,15,1,1,1,1,1,1,1,1,1,1,1,1,1,1,1,0,1,1,1,1,1,1,127,127,127,1,1,127,1,2,94,127,1,1,1,127,127,2
1,1,33,1,1,1,1,1,1,1,127,1,1,1,1,1,1,1,0,1,1,3,3,1,1,1,1,127,1,1,127,127,127,1,1,1,1,1,1,1,1
1,1,33,1,1,1,1,1,1,1,127,1,1,1,1,1,1,15,0,1,1,1,1,1,1,1,1,127,1,1,127,126,127,2,1,1,1,1,1,1,1
1,1,15,1,1,1,1,1,1,1,1,1,1,1,1,1,1,1,0,1,1,1,1,1,1,127,127,127,1,1,127,1,1,57,113,1,1,1,113,127,2
1,1,19,1,1,1,1,1,1,1,1,1,1,1,1,1,1,1,0,1,1,53,3,127,127,1,1,8,11,1,127,6,7,11,1,1,127,127,1,1,2
1,64,33,1,1,1,1,1,1,1,1,1,1,1,1,1,1,1,0,1,1,8,14,1,1,1,1,127,1,11,127,127,127,1,1,1,1,1,1,1,1
1,127,33,1,1,1,1,1,1,1,1,1,1,1,1,1,1,1,0,1,1,1,3,1,1,1,1,127,1,127,1,81,127,1,127,64,1,1,1,1,2
1,1,33,1,1,1,1,1,1,1,127,1,1,1,1,1,1,1,0,1,1,2,3,1,1,1,1,127,1,28,127,127,127,1,1,1,1,1,1,1,1
10,1,33,1,1,1,1,1,1,26,127,1,1,1,1,3,1,1,0,1,1,1,1,1,1,1,1,127,1,1,127,1,2,8,1,1,120,1,1,1,1
1,1,33,1,1,1,1,1,1,1,127,1,1,1,1,1,1,1,0,1,1,2,2,1,1,1,1,127,1,1,93,40,36,6,36,4,1,1,1,1,1
1,1,33,1,1,1,1,1,1,1,127,1,1,1,1,1,1,1,0,1,1,4,5,1,1,1,1,127,1,21,127,127,127,1,1,1,1,1,1,1,1
1,64,33,1,1,1,1,1,1,1,1,1,1,1,1,1,1,1,0,1,1,2,1,1,1,1,1,26,76,1,127,1,1,8,7,1,1,1,1,1,1
1,1,33,1,1,1,1,1,1,1,127,1,1,1,1,1,1,1,0,1,1,1,1,1,1,1,1,127,1,1,19,127,127,1,4,6,1,1,1,1,1
1,1,4,1,1,1,1,1,1,1,1,1,1,1,1,1,1,1,0,1,1,127,1,19,1,108,127,1,127,1,127,1,1,127,1,1,16,1,111,127,2
1,1,19,1,1,1,1,1,1,1,1,1,1,1,1,1,1,1,0,1,1,44,3,127,127,1,1,7,9,1,127,5,6,8,1,1,127,127,1,1,2
1,1,33,1,1,1,1,1,1,1,127,1,1,1,1,1,1,1,0,1,1,1,1,1,1,1,1,127,1,1,127,61,61,3,1,1,60,62,1,1,1
1,64,33,1,1,1,1,1,1,1,1,1,1,1,1,1,1,1,0,1,1,1,1,1,1,1,1,64,127,1,4,3,90,37,90,1,1,1,1,1,1
1,1,33,1,1,1,1,1,1,1,127,1,1,1,1,1,1,1,0,1,1,2,2,1,1,1,1,127,1,1,127,127,127,1,1,1,1,1,1,1,1
1,127,33,1,1,1,1,1,1,1,1,1,1,1,1,1,1,1,0,1,1,126,126,1,1,1,1,127,1,1,108,37,42,2,42,1,1,1,1,1,2
1,1,8,1,1,1,1,1,1,1,1,1,1,1,1,1,1,1,0,1,1,69,4,1,1,127,127,8,8,1,127,8,8,11,1,1,1,1,127,127,2
1,1,33,1,1,1,1,1,1,1,127,1,1,1,1,1,1,1,0,1,1,2,2,1,1,1,1,127,1,1,28,127,127,1,3,2,1,1,1,1,1
1,1,19,1,1,1,1,1,1,1,1,1,1,1,1,1,1,1,0,1,1,9,1,127,127,1,1,8,22,1,127,5,6,11,1,1,127,127,1,1,2
1,127,33,1,1,1,1,1,1,1,1,1,1,1,1,1,1,1,0,1,1,127,127,1,1,1,1,127,1,1,127,16,16,13,16,1,13,1,1,1,2
1,1,19,1,1,1,1,1,1,1,1,1,1,1,1,1,1,1,0,1,1,48,7,127,127,1,1,17,7,1,127,13,13,7,1,1,127,127,1,1,2
1,1,33,1,1,1,1,1,1,1,127,1,1,1,1,1,1,1,0,1,1,4,4,1,1,1,1,127,1,17,79,26,36,4,36,6,4,3,1,1,1
1,1,19,1,1,1,1,1,1,1,1,1,1,1,1,1,1,1,0,1,1,68,6,127,127,1,1,11,7,1,127,11,11,7,1,1,127,127,1,1,2
1,1,33,1,1,1,1,1,1,1,127,1,1,1,1,1,1,1,0,1,1,6,8,1,1,1,1,127,1,9,32,127,127,1,3,6,1,1,1,1,1
1,1,4,1,1,1,1,1,1,1,1,1,1,1,1,1,1,1,0,1,1,1,1,1,1,127,127,64,127,1,127,1,1,81,76,1,1,1,76,127,2
1,64,33,1,1,1,1,1,1,1,1,1,1,1,1,1,1,1,0,1,1,35,35,1,1,1,1,127,1,1,127,127,127,1,2,1,1,1,1,1,1
1,1,33,1,1,1,1,1,1,1,127,1,1,1,1,1,1,1,0,1,1,1,1,1,1,1,1,127,1,127,63,122,120,3,2,2,1,1,1,1,1
1,1,33,1,1,1,1,1,1,1,127,1,1,1,1,1,1,1,0,1,1,4,4,1,1,1,1,127,1,1,10,127,127,1,7,9,1,2,1,1,1
1,1,19,1,1,1,1,1,1,1,1,1,1,1,1,1,1,1,0,1,1,67,3,127,127,1,1,6,9,1,127,5,6,12,1,1,127,127,1,1,2
1,1,19,1,1,1,1,1,1,1,1,1,1,1,1,1,1,1,0,1,1,32,2,127,127,1,1,7,7,1,127,3,3,7,1,1,127,127,1,1,2
1,1,19,1,1,1,1,1,1,1,1,1,1,1,1,1,1,1,0,1,1,9,4,127,127,1,1,47,12,1,127,35,35,3,2,1,127,127,1,1,2
1,1,4,1,1,1,1,1,1,1,1,1,1,1,1,1,1,1,0,1,1,1,1,1,1,127,127,127,1,127,2,36,127,1,32,4,1,1,127,127,1
1,1,33,1,1,1,1,1,46,1,127,1,1,1,1,1,1,1,0,1,127,1,1,1,1,1,1,127,1,1,112,27,31,3,1,1,1,1,2,1,2
1,1,33,1,1,1,1,1,1,1,127,1,1,1,1,1,1,1,0,1,1,4,4,1,1,1,1,127,1,1,69,127,127,1,2,3,2,2,1,1,1
1,1,4,1,1,1,1,1,1,1,1,1,1,1,1,1,1,1,0,1,1,127,1,45,1,82,127,1,127,1,127,1,1,127,1,1,67,1,60,127,2
1,64,33,1,1,1,1,1,1,1,1,1,1,1,1,1,1,1,0,1,1,20,39,1,1,1,1,127,1,2,127,126,127,2,1,1,1,1,1,1,1
1,1,33,1,1,1,1,1,1,1,127,1,1,1,1,1,1,1,0,1,1,2,2,1,1,1,1,127,1,1,7,7,127,1,11,1,1,1,1,1,1
1,1,33,1,1,1,1,1,1,1,127,1,1,1,1,1,1,1,0,1,1,1,1,1,1,1,1,127,1,1,4,127,127,1,16,7,1,1,1,2,1
1,1,33,1,1,1,1,1,1,1,127,1,1,1,1,1,1,1,0,1,1,4,4,1,1,1,1,127,1,1,7,127,127,1,11,3,1,1,1,1,1
1,64,33,1,1,1,1,1,1,1,1,1,1,1,1,1,1,1,0,1,1,36,56,1,1,1,1,127,1,2,127,127,127,1,1,1,1,1,1,1,1
1,1,33,1,1,1,1,1,1,1,127,1,1,1,1,1,1,1,0,1,1,1,1,1,1,1,1,127,1,1,7,127,127,1,11,6,1,1,1,1,1
1,64,33,1,1,1,1,1,1,1,1,1,1,1,1,1,1,1,0,1,1,1,1,1,1,1,1,127,1,1,107,91,108,2,108,1,1,1,1,1,2
1,1,33,1,1,1,1,1,1,1,127,1,1,1,1,1,1,1,0,1,1,1,1,1,1,1,1,127,1,1,127,18,18,3,1,1,1,1,103,1,1
1,1,19,1,1,1,1,1,1,1,1,1,1,1,1,1,1,1,0,1,1,65,1,127,127,1,1,2,8,1,127,9,9,9,1,1,127,127,1,1,2
1,1,33,1,1,1,1,1,1,1,127,1,1,1,1,1,1,1,0,1,1,1,1,1,1,1,1,127,1,1,1,127,127,1,127,3,1,1,1,1,1
1,1,33,1,1,1,1,1,1,1,127,1,1,1,1,1,1,1,0,1,1,1,1,1,1,1,1,127,1,1,30,55,65,9,3,3,1,1,1,1,1
1,1,19,1,1,1,1,1,1,1,1,1,1,1,1,1,1,1,0,1,1,58,1,127,127,1,1,3,8,1,127,2,3,9,1,1,127,127,1,1,2
1,1,33,1,1,1,1,1,1,1,127,1,1,1,1,1,1,1,0,1,1,3,3,1,1,1,1,127,1,22,127,127,127,1,1,1,1,1,1,1,1
1,1,33,1,1,1,1,1,1,1,1,1,1,1,1,1,1,1,0,1,1,4,4,1,1,1,1,127,1,1,26,43,50,8,50,3,1,1,1,1,1
1,1,33,1,1,1,1,1,1,1,127,1,1,1,1,1,1,1,0,1,1,2,2,1,1,1,1,127,1,32,7,127,127,1,11,7,1,1,1,1,1
1,1,4,1,1,1,1,1,1,1,1,1,1,1,1,1,1,1,0,1,1,1,1,1,1,127,127,127,1,1,84,59,89,3,2,1,1,1,89,127,1
1,1,33,1,1,1,1,1,1,1,127,1,1,1,1,1,1,1,0,1,1,4,5,1,1,1,1,127,1,19,54,127,127,1,2,4,2,2,1,1,1
1,1,33,1,1,1,1,1,1,1,127,1,1,1,1,1,1,1,0,1,1,1,4,1,1,1,1,127,1,42,2,127,127,1,42,6,1,3,1,1,1
1,1,19,1,1,1,1,1,1,1,1,1,1,1,1,1,1,1,0,1,1,26,2,127,127,1,1,11,8,1,127,4,4,8,1,1,127,127,1,1,2
1,64,33,1,1,1,1,1,1,1,1,1,1,1,1,1,1,1,0,1,1,2,1,1,1,1,1,18,37,1,127,123,123,2,1,1,1,1,1,1,1
1,1,33,1,1,1,1,1,1,1,127,1,1,1,1,1,1,1,0,1,1,3,3,1,1,1,1,127,1,1,64,41,56,3,56,3,1,1,1,1,1
1,1,19,1,1,1,1,1,1,1,1,1,1,1,1,1,1,1,0,1,1,40,1,105,127,1,1,2,8,1,127,9,9,8,1,1,127,127,1,1,2
1,64,33,1,1,1,1,1,1,1,1,1,1,1,1,1,1,1,0,1,1,18,37,1,1,1,1,127,1,2,127,127,127,1,1,1,1,1,1,1,1
1,1,4,1,1,1,1,1,1,1,1,1,1,1,1,1,1,1,0,1,1,69,3,1,1,127,127,6,8,1,127,5,6,9,1,1,1,1,127,127,2
1,1,33,1,1,1,1,1,1,1,127,1,1,1,1,1,1,1,0,1,1,2,3,1,1,1,1,127,1,28,127,127,127,1,1,1,1,1,1,1,1
1,127,33,1,1,1,1,1,1,1,1,1,1,1,1,1,1,1,0,1,1,1,4,1,1,1,1,127,1,127,1,72,127,1,127,64,1,1,1,1,2
1,64,33,1,1,1,1,1,1,1,1,1,1,1,1,1,1,1,0,1,1,32,32,1,1,1,1,127,1,1,127,127,127,1,2,1,1,1,1,1,1
1,1,19,1,1,1,1,1,1,1,1,1,1,1,1,1,1,1,0,1,1,57,2,127,127,1,1,3,8,1,127,3,3,8,1,1,127,127,1,1,2
1,64,33,1,1,1,1,1,1,1,1,1,1,1,1,1,1,1,0,1,1,55,74,1,1,1,1,127,1,2,127,126,125,2,1,1,1,1,1,1,1
1,64,33,1,1,1,1,1,1,1,1,1,1,1,1,1,1,1,0,1,1,1,1,1,1,1,1,127,1,1,10,8,106,21,21,1,1,1,1,1,1
122,1,15,1,1,1,1,1,1,1,1,1,1,1,1,1,1,1,0,1,1,1,1,1,1,127,127,127,1,1,121,1,2,33,65,1,1,1,65,127,2
1,1,33,1,1,1,1,1,1,1,127,1,1,1,1,1,1,1,0,1,1,2,2,1,1,1,1,127,1,1,127,127,127,1,1,1,1,1,1,1,1
1,1,33,1,1,1,1,1,1,1,1,1,1,1,1,1,1,1,0,1,1,1,1,1,1,1,1,127,1,1,86,1,2,11,2,1,3,1,1,1,1
1,127,33,1,1,1,1,1,1,1,1,1,1,1,1,1,1,1,0,1,1,127,127,1,1,1,1,127,1,1,127,34,35,3,35,1,3,1,1,1,2
1,64,33,1,1,1,1,1,1,1,1,1,1,1,1,1,1,1,0,1,1,18,4,1,1,1,1,29,8,1,127,19,19,29,127,1,1,1,1,1,2
1,64,33,1,1,1,1,1,1,1,1,1,1,1,1,1,1,1,0,1,1,1,1,1,1,1,1,127,1,1,127,52,52,2,2,1,1,1,1,1,1
1,1,19,1,1,1,1,1,1,1,1,1,1,1,1,1,1,1,0,1,1,17,1,127,127,1,1,8,9,1,127,2,3,9,1,1,127,127,1,1,2
1,127,33,1,1,1,1,1,1,1,1,1,1,1,1,1,1,1,0,1,1,1,11,1,1,1,1,127,1,127,1,5,127,1,127,42,1,1,1,1,2
1,1,33,1,1,1,1,1,1,1,127,1,1,1,1,1,1,1,0,1,1,1,1,1,1,1,1,127,1,1,1,127,127,1,64,2,1,1,1,1,1
1,1,19,1,1,1,1,1,1,1,1,1,1,1,1,1,1,1,0,1,1,26,1,127,127,1,1,6,9,1,127,2,3,9,1,1,127,127,1,1,2
1,1,33,1,1,1,1,1,1,1,127,1,1,1,1,1,1,1,0,1,1,7,7,1,1,1,1,127,1,1,127,127,127,1,1,1,1,1,1,1,1
1,64,33,1,1,1,1,1,1,1,1,1,1,1,1,1,1,1,0,1,1,1,1,1,1,1,1,127,1,1,85,74,109,2,109,1,1,1,1,1,2
1,1,33,1,1,1,1,1,1,1,127,1,1,1,1,1,1,1,0,1,1,3,4,1,1,1,1,127,1,18,72,127,127,1,2,2,1,1,1,1,1
1,64,33,1,1,1,1,1,1,1,1,1,1,1,1,1,1,1,0,1,1,2,3,1,1,1,1,127,1,51,74,104,114,2,114,2,1,1,9,1,1
1,1,33,1,1,1,1,1,1,1,127,1,1,1,1,1,1,1,0,1,1,2,2,1,1,1,1,127,1,1,127,127,127,1,2,1,1,1,1,1,1
1,127,33,1,1,1,1,1,1,1,1,1,1,1,1,1,1,1,0,1,1,1,10,1,1,1,1,127,1,127,2,105,127,1,127,32,1,1,1,1,2
1,1,19,1,1,1,1,1,1,1,1,1,1,1,1,1,1,1,0,1,1,21,5,127,127,1,1,28,8,1,127,3,3,9,1,1,127,127,1,1,2
1,1,8,1,1,1,1,1,1,1,1,1,1,1,1,1,1,1,0,1,1,29,5,1,1,127,127,21,8,1,127,10,9,8,1,1,1,1,127,127,2
1,1,19,1,1,1,1,1,1,1,1,1,1,1,1,1,1,1,0,1,1,52,5,127,127,1,1,12,8,1,127,9,9,8,1,1,127,127,1,1,2
1,127,33,1,1,1,1,1,1,1,1,1,1,1,1,1,1,1,0,1,1,1,12,1,1,1,1,127,1,127,1,31,127,1,127,66,1,1,1,1,2
1,1,33,1,1,1,1,1,1,1,127,1,1,1,1,1,1,1,0,1,1,4,4,1,1,1,1,127,1,1,76,127,127,1,2,2,1,1,1,1,1
1,1,19,1,1,1,1,1,1,1,1,1,1,1,1,1,1,1,0,1,1,50,2,127,127,1,1,6,8,1,127,7,7,12,1,1,127,127,1,1,2
1,64,33,1,1,1,1,1,1,1,1,1,1,1,1,1,1,1,0,1,1,1,1,1,1,1,1,127,1,1,7,6,108,19,19,1,1,1,1,1,1
1,1,19,1,1,1,1,1,1,1,1,1,1,1,1,1,1,1,0,1,1,61,1,127,127,1,1,2,8,1,127,2,3,9,1,1,127,127,1,1,2
1,64,33,1,1,1,1,1,1,1,1,1,1,1,1,1,1,1,0,1,1,1,1,1,1,1,1,127,1,127,80,28,28,3,28,6,1,1,1,1,1
1,1,4,1,1,1,1,1,1,1,1,1,1,1,1,1,1,1,0,1,1,1,1,1,1,127,127,127,1,1,31,1,3,127,3,1,1,1,114,127,2
1,1,33,1,1,1,1,1,1,1,127,1,1,1,1,1,1,1,0,1,1,2,10,1,67,1,1,127,1,11,29,127,127,1,3,3,1,1,1,1,1
3,1,15,1,1,1,1,1,1,1,1,1,1,1,1,1,1,1,0,1,1,1,1,1,1,127,127,127,1,1,127,1,2,92,127,1,1,1,127,127,2
1,127,33,1,1,1,1,1,1,1,1,1,1,1,1,1,1,1,0,1,1,1,5,1,1,1,1,127,1,127,1,31,127,1,127,33,1,1,1,1,2
1,1,19,1,1,1,1,1,1,1,1,1,1,1,1,1,1,1,0,1,1,4,2,127,127,1,1,48,16,1,127,3,3,9,1,1,127,127,1,1,2
1,1,19,1,1,1,1,1,1,1,1,1,1,1,1,1,1,1,0,1,1,55,3,127,127,1,1,6,11,1,127,5,6,11,1,1,127,127,1,1,2
1,127,33,1,1,1,1,1,1,1,1,1,1,1,1,1,1,1,0,1,1,1,4,1,1,1,1,127,1,127,1,83,127,1,127,64,1,1,1,1,2
1,1,33,1,1,1,1,1,4,1,127,1,1,1,1,1,1,1,0,1,1,1,1,1,1,1,1,127,1,1,40,40,127,1,2,1,1,1,6,6,2
1,1,33,1,1,1,1,1,1,1,127,1,1,1,1,1,1,1,0,1,1,5,5,1,1,1,1,127,1,1,103,127,127,1,1,2,1,1,1,1,1
1,1,19,1,1,1,1,1,1,1,1,1,1,1,1,1,1,1,0,1,1,56,5,127,127,1,1,12,9,1,127,10,11,11,1,1,127,127,1,1,2
1,1,33,1,1,1,1,1,1,1,127,1,1,1,1,1,1,1,0,1,1,1,4,1,1,1,1,127,1,18,19,114,127,1,4,8,1,1,1,1,1
1,1,33,1,1,1,1,1,1,1,127,1,1,1,1,1,1,1,0,1,1,1,1,1,1,1,1,127,1,1,120,7,8,3,1,1,1,1,6,1,1
1,64,33,1,1,1,127,1,1,1,1,1,1,1,1,1,1,1,0,1,1,21,21,1,1,1,1,127,1,1,127,43,42,2,42,1,1,1,1,1,2
1,127,33,1,1,1,1,1,1,1,1,1,1,1,1,1,1,1,0,1,1,60,60,1,1,1,1,127,1,1,127,121,120,2,120,1,1,1,1,1,2
1,1,33,1,1,1,1,1,1,1,127,1,1,1,1,1,1,1,0,1,1,1,1,1,1,1,1,127,1,1,1,15,127,1,127,17,1,1,1,1,2
1,1,19,1,1,1,1,1,1,1,1,1,1,1,1,1,1,1,0,1,1,66,2,127,127,1,1,3,8,1,127,3,3,9,1,1,127,127,1,1,2
1,1,33,1,1,1,1,1,1,1,127,1,1,1,1,1,1,1,0,1,1,1,1,1,1,1,1,127,1,1,1,127,127,1,127,3,1,1,1,1,1
1,1,19,1,1,1,1,1,1,1,1,1,1,1,1,1,1,1,0,1,1,21,1,127,127,1,1,6,9,1,127,2,2,8,1,1,127,127,1,1,2
1,1,19,1,1,1,1,1,1,1,1,1,1,1,1,1,1,1,0,1,1,48,1,127,127,1,1,2,11,1,127,1,1,11,1,1,127,127,1,1,2
1,1,33,1,1,1,1,1,1,1,127,1,1,1,1,1,1,1,0,1,1,7,7,1,1,1,1,127,1,1,127,127,127,1,1,1,1,1,1,1,1
1,127,33,1,1,1,1,1,1,1,1,1,1,1,1,1,1,1,0,1,1,1,4,1,1,1,1,127,1,127,1,64,127,1,127,64,1,1,1,1,2
1,1,19,1,1,1,1,1,1,1,1,1,1,1,1,1,1,1,0,1,1,36,5,127,127,1,1,17,7,1,127,10,9,7,1,1,127,127,1,1,2
1,64,33,1,1,1,127,1,1,1,1,1,1,1,1,1,1,1,0,1,1,19,19,1,1,1,1,127,1,1,127,39,38,81,38,1,2,1,66,1,2
1,1,33,1,1,1,1,1,1,1,127,1,1,1,1,1,1,1,0,1,1,5,5,1,1,1,1,127,1,14,69,127,127,1,2,2,1,1,1,1,1
1,1,33,1,1,1,1,1,1,1,127,1,1,1,1,1,1,15,0,1,1,1,1,1,1,1,1,127,1,1,127,122,121,2,1,1,1,1,1,1,1
1,1,19,1,1,1,1,1,1,1,1,1,1,1,1,1,1,1,0,1,1,69,3,127,127,1,1,4,8,1,127,5,6,11,1,1,127,127,1,1,2
1,127,33,1,1,1,1,1,1,1,1,1,1,1,1,1,1,1,0,1,1,127,127,1,1,1,1,127,1,1,127,68,67,6,67,1,1,1,1,1,2
1,1,33,1,1,1,1,1,1,1,1,1,1,1,1,1,1,1,0,1,1,1,1,1,1,1,1,127,1,1,27,4,17,11,17,1,1,1,1,1,1
1,1,19,1,1,1,1,1,1,1,1,1,1,1,1,1,1,1,0,1,1,37,2,127,127,1,1,7,7,1,48,4,11,9,2,1,127,127,1,1,2
1,1,33,1,1,1,1,1,1,1,127,1,1,1,1,1,1,1,0,1,1,1,1,1,1,1,1,127,1,127,127,127,127,1,1,1,1,1,1,1,1
1,1,33,1,1,1,1,1,1,1,127,1,1,1,1,1,1,1,0,1,1,1,1,1,1,1,1,127,1,1,37,127,127,1,2,6,2,2,1,1,1
1,1,4,1,1,1,1,1,1,1,1,1,1,1,1,1,1,1,0,1,1,127,1,9,1,116,127,1,120,1,127,1,1,115,1,1,7,1,120,127,2
1,1,19,1,1,1,1,1,1,1,1,1,1,1,1,1,1,1,0,1,1,4,1,127,127,1,1,37,37,1,127,26,26,7,2,1,127,127,1,1,2
1,1,4,1,1,1,1,1,1,1,1,1,1,1,1,1,1,1,0,1,1,57,3,1,1,127,127,6,9,1,127,5,6,11,1,1,1,1,127,127,2
1,1,4,1,1,1,1,1,1,1,1,1,1,1,1,1,1,1,0,1,1,1,1,1,1,127,127,127,1,127,4,1,37,37,18,1,1,1,37,127,1
1,1,33,1,1,1,1,1,1,1,127,1,1,1,1,1,1,1,0,1,1,1,1,42,42,1,1,127,1,1,6,6,127,1,11,1,11,11,1,1,1
1,127,33,1,1,1,1,1,1,1,1,1,1,1,1,1,1,1,0,1,1,1,1,1,1,1,1,127,1,127,2,127,127,1,127,32,1,1,1,1,2
1,1,33,1,1,1,1,1,1,1,127,1,1,1,1,1,1,1,0,1,1,5,5,1,1,1,1,127,1,1,43,127,127,1,2,6,1,1,1,1,1
1,127,33,1,1,1,1,1,1,1,1,1,1,1,1,1,1,1,0,1,1,1,1,1,1,1,1,127,1,1,2,57,127,1,127,32,1,1,1,1,2
21,64,33,1,1,1,1,1,1,1,1,1,1,1,1,1,1,1,0,1,1,1,1,1,1,1,1,127,1,1,127,1,1,108,125,1,1,1,1,1,1
1,1,19,1,1,1,1,1,1,1,1,1,1,1,1,1,1,1,0,1,1,2,1,127,127,1,1,37,55,1,127,35,35,3,2,1,127,127,1,1,2
1,64,33,1,1,1,1,1,1,1,1,1,1,1,1,1,1,1,0,1,1,38,59,1,1,1,1,127,1,3,127,127,127,1,2,1,1,1,1,1,1
1,1,4,1,1,1,1,1,1,1,1,1,1,1,1,1,1,1,0,1,1,60,1,12,1,109,127,1,127,1,127,1,1,120,1,1,11,1,104,127,2
1,1,33,1,1,1,1,1,1,1,127,1,1,1,1,1,1,1,0,1,1,1,2,1,1,1,1,127,1,37,34,127,127,1,2,6,1,3,1,1,1
1,1,19,1,1,1,1,1,1,1,1,1,1,1,1,1,1,1,0,1,1,37,5,127,127,1,1,18,7,1,127,8,8,6,1,1,127,127,1,1,2
1,1,33,1,1,1,1,1,1,1,127,1,1,1,1,1,1,1,0,1,1,1,1,1,1,1,1,127,1,1,51,19,47,7,47,1,1,1,1,1,1
1,1,19,1,1,1,1,1,1,1,1,1,1,1,1,1,1,1,0,1,1,31,5,127,127,1,1,19,7,1,127,10,9,7,1,1,127,127,1,1,2
1,127,33,1,1,1,1,1,1,1,1,1,1,1,1,1,1,1,0,1,1,112,112,1,1,1,1,127,1,1,127,127,127,1,127,1,1,1,1,1,2
1,1,19,1,1,1,1,1,1,1,1,1,1,1,1,1,1,1,0,1,1,52,2,127,127,1,1,4,8,1,127,6,6,8,1,1,127,127,1,1,2
1,1,19,1,1,1,1,1,1,1,1,1,1,1,1,1,1,1,0,1,1,9,3,127,127,1,1,38,12,1,127,8,8,9,1,1,127,127,1,1,2
1,1,33,1,1,1,1,1,1,1,127,1,1,1,1,1,1,1,0,1,1,1,1,1,1,1,1,127,1,127,127,127,127,1,1,1,1,1,1,1,1
1,1,33,1,1,1,1,1,1,1,127,1,1,1,1,1,1,1,0,1,1,1,1,1,1,1,1,127,1,1,2,127,127,1,32,6,1,1,1,1,1
1,1,33,1,1,1,1,1,1,1,127,1,1,1,1,1,1,1,0,1,1,5,5,1,1,1,1,127,1,14,127,127,127,1,1,1,1,1,1,1,1
1,127,33,1,1,1,1,1,1,1,1,1,1,1,1,1,1,1,0,1,1,1,4,1,1,1,1,127,1,127,1,96,127,1,127,32,1,1,1,1,2
1,1,33,1,1,1,1,1,1,1,127,1,1,1,1,1,1,1,0,1,1,1,1,1,1,1,1,127,1,127,40,118,120,4,2,2,1,1,1,1,1
1,1,19,1,1,1,1,1,1,1,1,1,1,1,1,1,1,1,0,1,1,72,6,127,127,1,1,11,7,1,127,12,12,7,1,1,127,127,1,1,2
1,1,33,1,1,1,1,1,1,1,127,1,1,1,1,1,1,1,0,1,1,1,1,1,1,1,1,127,1,1,21,56,124,7,3,3,1,1,1,1,1
1,1,19,1,1,1,1,1,1,1,1,1,1,1,1,1,1,1,0,1,1,47,1,127,127,1,1,2,8,1,127,1,1,9,1,1,127,127,1,1,2
1,1,19,1,1,1,1,1,1,1,1,1,1,1,1,1,1,1,0,1,1,68,6,127,127,1,1,11,7,1,127,11,12,7,1,1,127,127,1,1,2
1,1,19,1,1,1,1,1,1,1,1,1,1,1,1,1,1,1,0,1,1,34,4,125,127,1,1,13,9,1,127,7,7,7,1,1,127,127,1,1,2
1,1,8,1,1,1,1,1,1,1,1,1,1,1,1,1,1,1,0,1,1,70,4,1,1,127,127,7,8,1,127,7,7,9,1,1,1,1,127,127,2
1,1,33,1,1,1,1,1,1,1,127,1,1,1,1,1,1,1,0,1,1,2,2,1,1,1,1,127,1,1,26,127,127,1,3,8,1,1,1,1,1
1,64,33,1,1,1,1,1,1,1,1,1,1,1,1,1,1,1,0,1,1,7,27,1,1,1,1,121,9,3,127,104,104,2,1,1,1,1,1,1,1
1,1,4,1,1,1,1,1,1,1,1,1,1,1,1,1,1,1,0,1,1,51,1,12,1,114,127,1,127,1,127,1,1,114,1,1,9,1,92,127,2
1,1,19,1,1,1,1,1,1,1,1,1,1,1,1,1,1,1,0,1,1,26,1,127,127,1,1,4,7,1,127,2,2,7,1,1,127,127,1,1,2
1,1,19,1,1,1,1,1,1,1,1,1,1,1,1,1,1,1,0,1,1,1,1,127,127,1,1,127,1,1,4,127,127,1,16,6,127,4,1,1,1
1,1,19,1,1,1,1,1,1,1,1,1,1,1,1,1,1,1,0,1,1,21,5,127,127,1,1,31,8,1,127,10,9,8,1,1,127,127,1,1,2
1,1,33,1,1,1,1,1,1,1,127,1,1,1,1,1,1,1,0,1,1,1,10,1,1,1,1,127,1,11,94,127,127,1,2,4,1,1,1,1,1
1,1,4,1,1,1,1,1,1,1,1,1,1,1,1,1,1,1,0,1,1,127,1,24,1,103,127,1,127,1,127,1,1,127,1,1,33,1,94,127,2
1,1,19,1,1,1,1,1,1,1,1,1,1,1,1,1,1,1,0,1,1,67,6,127,127,1,1,11,7,1,127,11,12,7,1,1,127,127,1,1,2
7,64,33,1,1,1,1,1,1,1,1,1,1,1,1,1,1,1,0,1,1,1,1,1,1,1,1,127,1,1,127,1,1,108,123,1,1,1,1,1,1
1,1,33,1,1,1,1,1,1,1,127,1,1,1,1,1,1,1,0,1,1,1,1,1,1,1,1,127,1,85,2,99,127,1,42,13,1,2,1,1,1
1,1,19,1,1,1,1,1,1,1,1,1,1,1,1,1,1,1,0,1,1,28,1,127,127,1,1,2,9,1,127,8,8,11,1,1,127,127,1,1,2
1,1,33,1,1,1,1,1,1,1,127,1,1,1,1,1,1,1,0,1,1,5,5,1,1,1,1,127,1,1,127,127,127,1,1,1,1,1,1,1,1
1,1,19,1,1,1,1,1,1,1,1,1,1,1,1,1,1,1,0,1,1,44,7,127,127,1,1,18,7,1,127,13,13,8,1,1,127,127,1,1,2
1,1,33,1,1,1,1,1,1,1,127,1,1,1,1,1,1,1,0,1,1,4,4,1,1,1,1,127,1,1,20,127,127,1,4,6,1,1,1,1,1
1,1,19,1,1,1,1,1,1,1,1,1,1,1,1,1,1,1,0,1,1,62,3,127,127,1,1,6,7,1,127,5,6,9,1,1,127,127,1,1,2
1,1,33,1,1,1,1,1,1,1,127,1,1,1,1,1,1,1,0,1,1,1,1,1,1,1,1,127,1,127,127,127,127,1,1,1,1,1,1,1,1
1,1,33,1,1,1,1,1,1,1,127,1,1,1,1,1,1,1,0,1,1,2,2,1,1,1,1,127,1,37,32,127,127,1,3,6,1,1,1,1,1
1,1,19,1,1,1,1,1,1,1,1,1,1,1,1,1,1,1,0,1,1,29,2,127,127,1,1,9,8,1,127,1,2,8,1,1,127,127,1,1,2
1,1,4,1,1,1,1,1,1,1,1,1,1,1,1,1,1,1,0,1,1,91,1,1,1,127,127,1,66,1,127,1,1,66,127,1,1,1,127,127,2
1,1,19,1,1,1,1,1,1,1,1,1,1,1,1,1,1,1,0,1,1,1,1,127,85,1,1,127,1,85,1,127,127,1,64,6,127,2,1,1,1
1,1,33,1,1,1,1,1,1,1,127,1,1,1,1,1,1,1,0,1,1,1,1,1,1,1,1,127,1,127,44,78,75,8,2,2,1,1,1,1,1
1,1,19,1,1,1,1,1,1,1,1,1,1,1,1,1,1,1,0,1,1,25,5,127,127,1,1,22,9,1,127,9,9,8,1,1,127,127,1,1,2
1,64,33,1,1,1,1,1,1,1,1,1,1,1,1,1,1,1,0,1,1,1,3,1,1,1,1,64,64,26,27,26,121,6,3,1,1,1,1,1,1
1,64,33,1,1,1,1,1,1,1,1,1,1,1,1,1,1,1,0,1,1,17,37,1,1,1,1,127,1,2,127,126,125,2,1,1,1,1,1,1,1
1,1,33,1,1,1,1,1,1,1,127,1,1,1,1,1,1,1,0,1,1,2,2,1,1,1,1,127,1,1,34,127,127,1,2,3,2,1,1,1,1
1,1,19,1,1,1,1,1,1,1,1,1,1,1,1,1,1,1,0,1,1,46,6,127,127,1,1,17,6,1,127,12,12,7,1,1,127,127,1,1,2
1,1,33,1,1,1,1,1,1,1,127,1,1,1,1,1,1,15,0,1,1,2,3,1,1,1,14,127,1,28,43,42,125,3,2,1,1,1,1,1,1
1,127,33,1,1,1,1,1,1,1,1,1,1,1,1,1,1,1,0,1,1,127,127,1,1,1,1,127,1,1,127,68,69,2,69,1,1,1,1,1,2
1,64,33,1,1,1,1,1,1,1,1,1,1,1,1,1,1,1,0,1,1,55,74,1,1,1,1,127,2,2,110,91,104,2,1,1,1,1,1,1,1
1,64,33,1,1,1,1,1,1,1,1,1,1,1,1,1,1,1,0,1,1,28,28,1,1,1,1,127,1,1,127,127,127,1,2,1,1,1,1,1,1
1,1,33,1,1,1,1,1,1,1,127,1,1,1,1,1,1,1,0,1,1,2,2,1,1,1,1,127,1,1,127,127,127,1,1,1,1,1,1,1,1
1,1,19,1,1,1,1,1,1,1,1,1,1,1,1,1,1,1,0,1,1,37,4,127,127,1,1,14,8,1,127,8,8,8,1,1,127,127,1,1,2
1,1,33,1,1,1,1,1,4,1,127,1,1,1,1,1,1,1,0,1,1,1,1,1,1,95,95,127,1,1,3,3,127,1,22,1,1,1,105,105,2
1,1,33,1,1,1,1,1,1,1,127,1,1,1,1,1,1,1,0,1,1,3,3,1,1,1,1,127,1,1,59,127,127,1,2,6,1,1,1,1,1
1,1,19,1,1,1,1,1,1,1,1,1,1,1,1,1,1,1,0,1,1,6,2,127,127,1,1,37,22,1,127,33,33,3,2,1,127,127,1,1,2
1,1,33,1,1,1,1,1,1,1,127,1,1,1,1,1,1,1,0,1,1,2,2,1,1,1,1,127,1,1,8,29,87,24,87,6,1,1,1,1,1
1,1,4,1,1,1,1,1,1,1,1,1,1,1,1,1,1,1,0,1,1,72,5,1,1,127,127,8,8,1,127,9,9,11,1,1,1,1,127,127,2
1,1,4,1,1,1,1,1,1,1,1,1,1,1,1,1,1,1,0,1,1,1,1,1,1,127,127,127,1,1,59,2,4,4,2,1,1,1,4,127,1
1,1,33,1,1,1,1,1,46,1,127,1,1,1,1,1,1,1,0,1,127,1,1,1,1,1,1,127,1,1,94,9,12,4,2,1,2,1,2,1,2
1,1,19,1,1,1,1,1,1,1,1,1,1,1,1,1,1,1,0,1,1,27,2,127,127,1,1,7,9,1,34,3,9,16,2,1,127,127,1,1,2
1,127,33,1,1,1,1,1,1,1,1,1,1,1,1,1,1,1,0,1,1,2,1,1,1,1,1,37,37,1,127,4,4,2,12,1,1,1,1,1,1
1,1,4,1,1,1,1,1,1,1,1,1,1,1,1,1,1,1,0,1,1,126,1,3,1,123,127,1,127,1,127,1,1,127,1,1,3,1,123,127,2
1,1,33,1,1,1,1,1,1,1,127,1,1,1,1,1,1,1,0,1,1,1,1,1,1,1,1,127,1,1,37,127,127,1,2,6,1,1,1,1,1
1,1,19,1,1,1,1,1,1,1,1,1,1,1,1,1,1,1,0,1,1,34,5,127,127,1,1,19,8,1,69,10,18,9,2,1,127,127,1,1,2
1,1,4,1,1,1,1,1,1,1,1,1,1,1,1,1,1,1,0,1,1,1,1,1,1,127,127,127,1,1,20,39,127,1,4,11,1,1,127,127,1
1,1,4,1,1,1,1,1,1,1,1,1,1,1,1,1,1,1,0,1,1,32,5,1,1,127,127,21,9,1,27,10,47,14,3,1,1,1,127,127,2
1,1,4,1,1,1,1,1,1,1,1,1,1,1,1,1,1,1,0,1,1,69,3,1,1,127,127,4,8,1,127,5,6,12,1,1,1,1,127,127,2
1,1,19,1,1,1,1,1,1,1,1,1,1,1,1,1,1,1,0,1,1,64,2,127,127,1,1,4,9,1,127,7,7,9,1,1,127,127,1,1,2
1,64,33,1,1,1,1,1,1,1,1,1,1,1,1,1,1,1,0,1,1,56,56,1,1,1,1,127,1,1,127,124,124,2,1,1,1,1,1,1,1
1,1,19,1,1,1,1,1,1,1,1,1,1,1,1,1,1,1,0,1,1,72,3,127,127,1,1,6,8,1,127,6,7,9,1,1,127,127,1,1,2
1,1,33,1,1,1,1,1,1,1,127,1,1,1,1,1,1,1,0,1,1,3,3,1,1,1,1,127,1,1,6,127,127,1,11,6,1,1,1,1,1
1,1,33,1,1,1,1,1,2,1,127,1,127,1,1,1,1,1,0,1,1,1,1,1,1,1,1,127,1,1,10,9,108,13,7,1,7,8,7,8,1
1,1,4,1,1,1,1,1,1,1,1,1,1,1,1,1,1,1,0,1,1,59,5,1,1,127,127,11,9,1,127,9,9,9,1,1,1,1,127,127,2
1,1,33,1,1,1,1,1,1,1,127,1,1,1,1,1,1,1,0,1,1,2,2,1,1,1,1,127,1,1,6,44,127,1,11,16,1,1,1,1,1
1,1,37,1,1,1,1,1,1,1,1,1,1,1,1,1,1,1,0,1,1,1,1,127,127,1,1,127,1,1,43,1,2,111,115,1,115,127,1,1,2
1,1,4,1,1,1,1,1,1,1,1,1,1,1,1,1,1,1,0,1,1,35,2,1,1,127,127,6,8,1,127,3,3,11,1,1,1,1,127,127,2
1,1,33,1,1,1,1,1,1,1,127,1,1,1,1,1,1,1,0,1,1,1,1,1,1,1,1,127,1,1,123,127,127,1,1,2,1,1,1,1,1
1,1,19,1,1,1,1,1,1,1,1,1,1,1,1,1,1,1,0,1,1,3,3,127,127,1,1,127,1,1,127,29,29,3,1,1,127,127,1,1,2
1,1,8,1,1,1,1,1,1,1,1,1,1,1,1,1,1,1,0,1,1,30,4,1,1,127,127,16,9,1,127,7,7,9,1,1,1,1,127,127,2
1,1,19,1,1,1,1,1,1,1,1,1,1,1,1,1,1,1,0,1,1,49,2,127,127,1,1,6,7,1,127,4,4,8,1,1,127,127,1,1,2
8,64,33,1,1,1,1,1,1,1,1,1,1,1,1,1,1,1,0,1,1,1,1,1,1,1,1,127,1,1,127,1,2,108,127,1,1,1,1,1,1
1,1,4,1,1,1,1,1,1,1,1,1,1,1,1,1,1,1,0,1,1,66,2,1,1,127,127,4,8,1,127,4,4,9,1,1,1,1,127,127,2
1,1,4,1,1,1,1,1,1,1,1,1,1,1,1,1,1,1,0,1,1,31,1,2,1,116,127,2,127,1,127,1,1,62,1,1,1,1,57,127,2
1,1,33,1,1,1,1,1,1,1,127,1,1,1,1,1,1,1,0,1,1,1,1,1,1,1,1,127,1,1,112,69,77,4,1,1,1,2,1,1,1
36,1,33,1,1,1,1,1,1,1,127,8,127,127,9,1,1,43,0,1,1,1,1,1,1,1,1,127,1,1,127,19,19,8,1,1,72,38,6,14,1
1,1,22,1,1,1,1,1,1,1,127,1,1,1,1,1,1,1,0,1,1,1,1,64,64,1,1,127,1,1,127,127,127,1,2,1,1,1,1,1,1
1,1,33,1,1,1,1,1,1,1,127,1,1,1,1,1,1,1,0,1,1,2,2,1,1,1,1,127,1,1,45,127,127,1,2,4,1,1,1,1,1
1,127,33,1,1,1,1,1,1,1,1,1,1,1,1,1,1,1,0,1,1,1,1,1,1,1,1,127,1,1,28,45,124,6,124,27,1,1,1,1,1
1,1,19,1,1,1,1,1,1,1,1,1,1,1,1,1,1,1,0,1,1,32,1,127,127,1,1,4,9,1,127,2,3,8,1,1,127,127,1,1,2
1,64,33,1,1,1,1,1,1,1,1,1,1,1,1,1,1,1,0,1,1,37,37,1,1,1,1,127,1,1,127,127,127,1,2,1,1,1,1,1,1
1,1,33,1,1,1,1,1,1,1,127,1,1,1,1,1,1,1,0,1,1,4,4,1,1,1,1,127,1,1,28,127,127,1,3,21,1,1,46,108,1
1,1,33,1,1,1,1,1,1,1,127,1,1,1,1,1,1,1,0,1,1,3,3,1,1,1,1,127,1,1,81,81,127,1,2,1,1,1,1,1,1
1,1,33,1,1,1,1,1,1,1,127,1,1,1,1,1,1,1,0,1,1,3,3,1,1,1,1,127,1,1,124,127,127,1,1,2,1,1,1,1,1
1,64,33,1,1,1,1,1,1,1,1,1,1,1,1,1,1,1,0,1,1,2,1,1,1,1,1,22,42,1,127,123,123,2,1,1,1,1,1,1,1
1,1,33,1,1,1,1,1,1,1,127,1,1,1,1,1,1,1,0,1,1,1,1,1,1,1,1,127,1,1,3,127,127,1,22,8,1,1,1,1,1
1,1,33,1,1,1,1,1,1,1,127,1,1,1,1,1,1,1,0,1,1,1,1,1,1,1,1,127,1,1,92,23,32,4,32,1,1,1,1,1,1
1,1,8,1,1,1,1,1,1,1,1,1,1,1,1,1,1,1,0,1,1,51,1,1,1,127,127,2,9,1,127,2,2,12,1,1,1,1,127,127,2
1,64,33,1,1,1,1,1,1,1,1,1,1,1,1,1,1,1,0,1,1,27,46,1,1,1,1,127,1,2,127,127,127,1,1,1,1,1,1,1,1
1,1,33,1,1,1,1,1,1,1,127,1,1,1,1,1,1,1,0,1,1,7,7,1,1,1,1,127,1,1,127,127,127,1,1,1,1,1,1,1,1
1,1,33,1,1,1,1,1,1,1,127,1,1,1,1,1,1,1,0,1,1,1,1,1,1,1,1,127,1,1,127,29,28,3,1,1,72,1,1,1,1
1,1,19,1,1,1,1,1,1,1,1,1,1,1,1,1,1,1,0,1,1,29,3,127,127,1,1,11,8,1,127,5,6,7,1,1,127,127,1,1,2
1,1,19,1,1,1,1,1,1,1,1,1,1,1,1,1,1,1,0,1,1,19,4,127,127,1,1,23,7,1,127,7,7,7,1,1,127,127,1,1,2
1,1,33,1,1,1,1,1,1,1,127,1,1,1,1,1,1,1,0,1,1,1,2,1,1,1,1,127,1,55,41,127,127,1,2,4,1,2,2,1,1
1,1,19,1,1,1,1,1,1,1,1,1,1,1,1,1,1,1,0,1,1,68,4,127,127,1,1,8,8,1,127,1,1,9,1,1,127,127,1,1,2
1,127,33,1,1,1,1,1,1,1,1,1,1,1,1,1,1,1,0,1,1,1,8,1,1,1,1,127,1,127,1,43,127,1,127,66,1,1,1,1,2
1,1,19,1,1,1,1,1,1,1,1,1,1,1,1,1,1,1,0,1,1,48,3,127,127,1,1,8,7,1,127,6,6,7,1,1,127,127,1,1,2
1,1,19,1,1,1,1,1,1,1,1,1,1,1,1,1,1,1,0,1,1,64,1,127,95,1,1,2,8,64,127,2,2,8,1,1,127,127,1,1,2
1,64,33,1,1,1,1,1,1,1,1,1,1,1,1,1,1,1,0,1,1,1,2,1,1,1,1,127,1,55,127,123,123,2,2,1,1,1,1,1,1
1,1,19,1,1,1,1,1,1,1,1,1,1,1,1,1,1,1,0,1,1,71,4,127,127,1,1,7,8,1,127,7,7,11,1,1,127,127,1,1,2
1,1,19,1,1,1,1,1,1,1,1,1,1,1,1,1,1,1,0,1,1,36,5,127,127,1,1,18,8,1,127,10,11,8,1,1,127,127,1,1,2
1,1,33,1,1,1,1,1,1,1,127,1,1,1,1,1,1,1,0,1,1,3,3,1,1,1,1,127,1,1,127,127,127,1,1,1,1,1,1,1,1
1,64,33,1,1,1,1,1,1,1,1,1,1,1,1,1,1,1,0,1,1,78,78,1,1,1,1,127,1,1,127,110,110,2,1,1,1,1,1,1,1
1,1,22,1,1,1,1,1,1,1,127,1,1,1,1,1,1,1,0,1,1,1,1,64,127,1,1,64,127,1,36,23,80,9,2,1,2,3,1,1,1
1,1,19,1,1,1,1,1,1,1,1,1,1,1,1,1,1,1,0,1,1,1,1,127,127,1,1,95,64,1,127,22,22,7,1,1,127,127,1,1,2
1,1,22,1,1,1,1,1,1,1,127,1,1,1,1,1,1,1,0,1,1,1,1,127,127,1,1,127,1,1,3,2,101,51,26,1,51,64,1,1,1
1,1,33,1,1,1,1,1,1,1,127,1,1,1,1,1,1,1,0,1,1,1,1,1,1,1,1,127,1,1,127,9,9,8,9,1,77,1,4,1,1
1,1,4,1,1,1,1,1,1,1,1,1,1,1,1,1,1,1,0,1,1,1,1,1,1,127,127,127,1,1,13,5,51,26,6,1,6,1,51,127,1
1,1,33,1,1,1,1,1,1,1,127,1,1,1,1,1,1,1,0,1,1,6,6,1,1,1,1,127,1,1,31,127,127,1,3,4,1,1,3,1,1
1,1,33,1,1,1,1,1,1,1,127,1,1,1,1,1,1,1,0,1,1,6,6,1,1,1,1,127,1,1,127,127,127,1,1,1,1,1,1,1,1
1,64,33,1,1,1,1,1,1,1,1,1,1,1,1,1,1,1,0,1,1,76,76,1,1,1,1,127,2,1,127,126,127,2,1,1,1,1,1,1,1
1,1,33,1,1,1,1,1,4,1,127,1,1,1,1,1,1,1,0,1,1,1,1,1,1,1,1,127,1,1,38,38,127,1,2,1,1,1,2,2,2
1,1,33,1,1,1,1,1,1,1,127,1,1,1,1,1,1,1,0,1,1,2,2,1,1,1,1,127,1,37,88,127,127,1,2,2,1,1,1,1,1
1,1,33,1,1,1,1,1,1,1,127,1,1,1,1,1,1,1,0,1,1,6,6,7,7,1,1,127,1,12,29,127,127,1,3,3,3,1,1,1,1
1,1,33,1,1,1,1,1,1,1,127,1,1,1,1,1,1,1,0,1,1,1,1,1,1,1,1,127,1,1,9,25,127,1,8,13,1,1,1,1,1
1,1,4,1,1,1,1,1,1,1,1,1,1,1,1,1,1,1,0,1,1,1,1,1,1,127,127,127,1,1,22,126,127,1,3,21,1,1,127,124,1
1,1,4,1,1,1,1,1,1,1,1,1,1,1,1,1,1,1,0,1,1,28,1,2,1,119,127,2,127,1,117,1,1,64,1,1,1,1,57,127,2
1,1,19,1,1,1,1,1,1,1,1,1,1,1,1,1,1,1,0,1,1,15,5,127,127,1,1,43,13,1,127,10,11,9,1,1,127,127,1,1,2
1,64,33,1,1,1,1,1,1,1,1,1,1,1,1,1,1,1,0,1,1,1,1,1,1,1,1,32,95,1,127,1,1,108,125,1,1,1,1,1,1
1,1,4,1,1,1,1,1,1,1,1,1,1,1,1,1,1,1,0,1,1,26,1,1,1,127,127,3,11,1,89,1,2,9,2,1,1,1,127,127,2
1,64,33,1,1,1,127,1,1,1,1,1,1,1,1,1,1,1,0,1,1,49,24,65,1,1,1,62,6,1,127,48,48,79,48,1,12,1,67,1,2
1,1,19,1,1,1,1,1,1,1,1,1,1,1,1,1,1,1,0,1,1,51,1,127,127,1,1,2,8,1,127,10,11,8,1,1,127,127,1,1,2
1,1,33,1,1,1,1,1,1,1,127,1,1,1,1,1,1,1,0,1,1,1,1,1,1,1,1,127,1,95,61,127,127,1,2,7,1,1,1,1,1
1,1,19,1,1,1,1,1,1,1,1,1,1,1,1,1,1,1,0,1,1,42,4,127,127,1,1,12,9,1,127,8,8,8,1,1,127,127,1,1,2
1,1,19,1,1,1,1,1,1,1,1,1,1,1,1,1,1,1,0,1,1,27,2,127,127,1,1,9,7,1,127,4,4,6,1,1,127,127,1,1,2
1,1,19,1,1,1,1,1,1,1,1,1,1,1,1,1,1,1,0,1,1,74,2,127,127,1,1,4,8,1,127,3,3,12,1,1,127,127,1,1,2
1,1,33,1,1,1,1,1,1,1,1,1,1,1,1,1,1,1,0,1,1,1,1,1,1,1,1,127,1,1,75,31,51,4,51,1,2,3,1,1,1
1,1,33,1,1,1,1,1,1,1,127,1,1,1,1,1,1,1,0,1,1,1,1,1,1,1,1,127,1,1,99,2,2,60,2,64,1,1,1,1,1
1,127,33,1,1,1,1,1,1,1,1,1,1,1,1,1,1,1,0,1,1,110,110,1,1,1,1,127,1,1,6,6,127,1,127,1,1,1,1,1,2
1,64,33,1,1,1,1,1,1,1,1,1,1,1,1,1,1,1,0,1,1,2,1,1,1,1,1,16,32,1,127,99,99,2,1,1,1,1,1,1,1
1,1,33,1,1,1,1,1,1,1,127,1,1,1,1,1,1,1,0,1,1,2,2,1,1,1,1,127,1,1,9,127,127,1,8,9,1,1,1,1,1
1,1,19,1,1,1,1,1,1,1,1,1,1,1,1,1,1,1,0,1,1,60,2,127,127,1,1,4,7,1,127,4,4,7,1,1,127,127,1,1,2
1,1,19,1,1,1,1,1,1,1,1,1,1,1,1,1,1,1,0,1,1,63,1,127,127,1,1,3,8,1,127,8,8,12,1,1,127,127,1,1,2
1,64,33,1,1,1,1,1,1,1,1,1,1,1,1,1,1,1,0,1,1,20,39,1,1,1,1,125,4,2,127,119,119,2,1,1,1,1,1,1,1
1,1,19,1,1,1,1,1,1,1,1,1,1,1,1,1,1,1,0,1,1,32,3,127,127,1,1,9,8,1,127,7,7,8,1,1,127,127,1,1,2
1,1,33,1,1,1,1,1,1,1,127,1,1,1,1,1,1,1,0,1,1,1,1,1,1,1,1,127,1,1,73,127,127,1,2,6,2,2,1,1,1
1,1,4,1,1,1,1,1,1,1,1,1,1,1,1,1,1,1,0,1,1,1,1,1,1,127,127,127,1,1,34,35,127,1,2,4,1,1,127,127,1
1,1,19,1,1,1,1,1,1,1,1,1,1,1,1,1,1,1,0,1,1,37,5,127,127,1,1,17,8,1,127,1,2,11,1,1,127,127,1,1,2
1,1,19,1,1,1,1,1,1,1,1,1,1,1,1,1,1,1,0,1,1,74,5,127,127,1,1,8,8,1,127,9,9,9,1,1,127,127,1,1,2
1,1,33,1,1,1,1,1,1,1,127,1,1,1,1,1,1,1,0,1,1,1,1,1,1,1,1,127,1,1,10,127,127,1,7,6,1,1,1,1,1
1,1,33,1,1,1,1,1,1,1,127,1,1,1,1,1,1,1,0,1,1,1,2,1,1,1,1,127,1,32,127,127,127,1,1,1,1,1,1,1,1
1,64,33,1,1,1,1,1,1,1,1,1,1,1,1,1,1,1,0,1,1,1,1,1,1,1,1,127,1,1,61,53,111,3,2,1,1,1,1,1,1
1,1,19,1,1,1,1,1,1,1,1,1,1,1,1,1,1,1,0,1,1,35,2,127,127,1,1,6,8,1,127,6,7,8,1,1,127,127,1,1,2
1,1,33,1,1,1,1,1,1,1,127,1,1,1,1,1,1,1,0,1,1,4,11,1,1,1,1,127,1,7,8,127,127,1,8,2,1,1,1,1,1
1,1,33,1,1,1,1,1,1,1,127,1,1,1,1,1,1,1,0,1,1,3,4,1,1,1,1,127,1,18,48,127,127,1,2,2,1,1,1,1,1
1,1,33,1,1,1,1,1,1,1,127,1,1,1,1,1,64,1,0,1,1,4,4,1,1,1,1,127,1,1,127,26,26,3,26,1,1,1,87,1,1
1,1,19,1,1,1,1,1,1,1,1,1,1,1,1,1,1,1,0,1,1,59,1,127,127,1,1,2,9,1,127,1,1,11,1,1,127,127,1,1,2
1,1,4,1,1,1,1,1,1,1,1,1,1,1,1,1,1,1,0,1,1,1,1,1,1,127,127,127,1,1,29,101,127,1,3,2,1,1,127,127,1
1,1,33,1,1,1,1,1,4,1,127,1,1,1,1,1,1,1,0,1,1,1,1,1,1,1,1,127,1,1,23,23,127,1,3,1,1,1,33,33,2
1,1,19,1,1,1,1,1,1,1,1,1,1,1,1,1,1,1,0,1,1,3,1,127,127,1,1,35,35,1,125,32,32,3,1,1,127,127,1,1,2
1,1,33,1,1,1,1,1,1,1,127,1,1,1,1,1,1,1,0,1,1,1,1,1,1,1,1,127,1,1,4,19,95,32,95,21,1,1,1,1,2
1,1,19,1,1,1,1,1,1,1,1,1,1,1,1,1,1,1,0,1,1,26,3,127,127,1,1,14,8,1,127,5,6,7,1,1,127,127,1,1,2
1,1,33,1,1,1,1,1,1,1,127,1,1,1,1,1,1,1,0,1,1,1,1,1,1,1,1,127,1,1,22,127,127,1,3,2,1,1,1,1,1
1,127,33,1,1,1,1,1,1,1,1,1,1,1,1,1,1,1,0,1,1,1,2,1,1,1,1,127,1,127,1,18,127,1,127,64,1,1,1,1,2
1,1,4,1,1,1,1,1,1,1,1,1,1,1,1,1,1,1,0,1,1,46,1,13,1,113,127,2,127,1,127,1,1,109,1,1,9,1,82,127,2
1,1,4,1,1,1,1,1,1,1,1,1,1,1,1,1,1,1,0,1,1,1,1,1,1,127,127,127,1,1,23,127,127,1,3,17,1,1,53,111,1
1,1,15,1,1,1,1,1,1,1,1,1,1,1,1,1,1,1,0,1,1,1,1,1,1,127,127,127,1,1,127,1,2,92,127,1,1,1,127,127,2
1,1,19,1,1,1,1,1,1,1,1,1,1,1,1,1,1,1,0,1,1,37,6,127,127,1,1,19,7,1,127,11,12,7,1,1,127,127,1,1,2
1,1,33,1,1,1,1,1,1,1,127,1,1,1,1,1,1,1,0,1,1,1,1,1,1,1,1,127,1,1,55,8,7,6,7,16,1,1,1,1,1
1,1,33,1,1,1,1,1,1,1,127,1,1,1,1,1,1,1,0,1,1,7,7,1,1,1,1,127,1,1,13,127,127,1,6,6,1,1,1,1,1
1,1,33,1,1,1,1,1,1,1,127,1,1,1,1,1,1,1,0,1,1,1,1,1,1,1,1,127,1,1,47,2,4,7,2,1,1,1,1,1,1
1,127,33,1,1,1,1,1,1,1,1,1,1,1,1,1,1,1,0,1,1,34,34,1,1,1,1,127,1,1,127,127,127,1,127,1,1,1,1,1,2
1,1,19,1,1,1,1,1,1,1,1,1,1,1,1,1,1,1,0,1,1,74,2,127,127,1,1,3,7,1,127,4,4,7,1,1,127,127,1,1,2
1,127,33,1,1,1,1,1,1,1,1,1,1,1,1,1,1,1,0,1,1,1,3,1,1,1,1,127,1,127,1,20,127,1,127,69,1,1,1,1,2
1,127,33,1,1,1,1,1,1,1,1,1,1,1,1,1,1,1,0,1,1,1,2,1,1,1,1,127,1,127,2,28,127,1,127,32,1,1,1,1,2
1,1,19,1,1,1,1,1,1,1,1,1,1,1,1,1,1,1,0,1,1,5,5,127,113,1,1,127,1,21,79,69,61,2,2,2,125,71,1,1,2
1,1,33,1,1,1,1,1,1,1,127,1,1,1,1,1,1,1,0,1,1,1,2,1,1,1,1,127,1,127,35,18,66,6,2,1,1,1,1,1,1
1,1,19,1,1,1,1,1,1,1,1,1,1,1,1,1,1,1,0,1,1,56,4,127,127,1,1,9,7,1,82,8,13,9,2,1,116,127,2,1,2
1,1,33,1,1,1,1,1,1,1,127,1,1,1,1,1,1,1,0,1,1,2,2,1,1,1,1,127,1,1,4,127,127,1,16,3,1,1,1,1,1
1,1,4,1,1,1,1,1,1,1,1,1,1,1,1,1,1,1,0,1,1,18,3,1,1,127,127,19,9,1,127,1,1,9,1,1,1,1,127,127,2
1,1,19,1,1,1,1,1,1,1,1,1,1,1,1,1,1,1,0,1,1,49,1,127,127,1,1,3,9,1,127,2,3,9,1,1,127,127,1,1,2
1,1,19,1,1,1,1,1,1,1,1,1,1,1,1,1,1,1,0,1,1,37,4,127,127,1,1,14,7,1,127,3,3,11,1,1,127,127,1,1,2
1,127,33,1,1,1,1,1,1,1,1,1,1,1,1,1,1,1,0,1,1,1,11,1,1,1,1,127,1,127,1,78,127,1,127,64,1,1,1,1,2
1,1,19,1,1,1,1,1,1,1,1,1,1,1,1,1,1,1,0,1,1,41,1,127,127,1,1,3,8,1,127,10,9,9,1,1,127,127,1,1,2
1,64,33,1,1,1,1,1,1,1,1,1,1,1,1,1,1,1,0,1,1,30,30,1,1,1,1,127,1,1,127,126,127,2,1,1,1,1,1,1,1
1,64,33,1,1,1,1,1,1,1,1,1,1,1,1,1,1,1,0,1,1,20,14,1,1,1,1,84,7,1,127,57,57,7,127,1,1,1,1,1,2
1,1,19,1,1,1,1,1,1,1,1,1,1,1,1,1,1,1,0,1,1,60,2,127,127,1,1,3,9,1,127,3,3,9,1,1,127,127,1,1,2
1,1,19,1,1,1,1,1,1,1,1,1,1,1,1,1,1,1,0,1,1,54,1,127,127,1,1,3,8,1,127,9,9,9,1,1,127,127,1,1,2
1,1,19,1,1,1,1,1,1,1,1,1,1,1,1,1,1,1,0,1,1,51,1,127,127,1,1,2,7,1,127,1,2,7,1,1,127,127,1,1,2
1,1,19,1,1,1,1,1,1,1,1,1,1,1,1,1,1,1,0,1,1,26,4,127,127,1,1,18,8,1,127,7,7,8,1,1,127,127,1,1,2
1,1,33,1,1,1,1,1,1,1,127,1,1,1,1,1,1,1,0,1,1,2,2,1,1,1,1,127,1,1,3,127,127,1,22,4,1,1,1,1,1
1,127,33,1,1,1,1,1,1,1,1,1,1,1,1,1,1,1,0,1,1,123,123,1,1,1,1,127,1,1,127,85,85,3,85,1,1,1,32,1,2
1,1,33,1,1,1,1,1,1,1,127,1,1,1,1,1,1,1,0,1,1,1,1,1,1,1,1,127,1,1,6,23,42,22,42,12,1,1,1,1,1
1,64,33,1,1,1,1,1,1,1,1,1,1,1,1,1,1,1,0,1,1,2,1,1,1,1,1,18,37,1,76,68,114,3,2,1,1,1,1,1,1
1,1,19,1,1,1,1,1,1,1,1,1,1,1,1,1,1,1,0,1,1,49,2,127,127,1,1,6,9,1,127,4,4,9,1,1,127,127,1,1,2
1,1,19,1,1,1,1,1,1,1,1,1,1,1,1,1,1,1,0,1,1,33,4,127,127,1,1,16,8,1,127,3,3,9,1,1,127,127,1,1,2
1,1,8,1,1,1,1,1,1,1,1,1,1,1,1,1,1,1,0,1,1,63,1,1,1,127,127,3,9,1,127,2,3,9,1,1,1,1,127,127,2
1,1,33,1,1,1,1,1,1,1,127,1,1,1,1,1,1,1,0,1,1,1,1,1,1,1,1,127,1,1,7,31,108,19,108,4,1,1,1,1,1
1,1,33,1,1,1,1,1,1,1,127,1,1,1,1,1,1,1,0,1,1,5,6,1,1,1,1,127,1,13,9,127,127,1,8,6,1,1,1,1,1
1,1,19,1,1,1,1,1,1,1,1,1,1,1,1,1,1,1,0,1,1,18,2,127,127,1,1,13,8,1,127,4,4,7,1,1,127,127,1,1,2
1,1,33,1,1,1,1,1,1,1,127,1,1,1,1,1,1,1,0,1,1,4,4,1,1,1,1,127,1,1,127,127,127,1,1,1,1,1,1,1,1
1,1,33,1,1,1,1,1,1,1,127,1,1,1,1,1,1,1,0,1,1,1,1,1,1,1,1,127,1,1,127,28,28,11,1,1,80,1,2,1,1
1,1,4,1,1,1,1,1,1,1,1,1,1,1,1,1,1,1,0,1,1,1,1,1,1,127,127,127,1,127,6,127,127,1,12,21,1,1,127,127,1
1,1,4,1,1,1,1,1,1,1,1,1,1,1,1,1,1,1,0,1,1,92,1,12,1,114,127,1,127,1,127,1,1,127,1,1,14,1,113,127,2
1,1,4,1,1,1,1,1,1,1,1,1,1,1,1,1,1,1,0,1,1,1,1,1,1,127,127,127,1,1,1,126,127,1,127,18,1,1,127,111,1
1,1,33,1,1,1,1,1,1,1,127,1,1,1,1,1,1,1,0,1,1,3,3,1,1,1,1,127,1,1,12,127,127,1,6,7,1,1,1,1,1
1,1,33,1,1,1,1,1,1,1,127,1,1,1,1,1,1,1,0,1,1,1,1,1,1,1,1,127,1,127,46,55,32,6,2,3,1,1,1,1,1
1,1,4,1,1,1,1,1,1,1,1,1,1,1,1,1,1,1,0,1,1,44,5,1,1,127,127,14,8,1,127,10,9,9,1,1,1,1,127,127,2
1,64,33,1,1,1,1,1,1,1,1,1,1,1,1,1,1,1,0,1,1,5,1,1,1,1,1,7,67,1,127,1,1,23,127,1,1,1,1,1,2
1,64,33,1,1,1,1,1,1,1,1,1,1,1,1,1,1,1,0,1,1,19,20,1,1,1,1,127,1,6,127,127,127,1,1,1,1,1,1,1,1
1,1,19,1,1,1,1,1,1,1,1,1,1,1,1,1,1,1,0,1,1,12,3,127,127,1,1,35,12,1,62,19,33,4,2,7,127,109,1,1,2
1,1,33,1,1,1,1,1,1,1,127,1,1,1,1,1,1,1,0,1,1,8,8,1,1,1,1,127,1,1,31,127,127,1,3,3,1,1,1,1,1
1,1,19,1,1,1,1,1,1,1,1,1,1,1,1,1,1,1,0,1,1,55,4,127,127,1,1,9,9,1,127,3,3,9,1,1,127,127,1,1,2
1,1,33,1,1,1,1,1,1,1,127,1,1,1,1,1,1,1,0,1,1,1,1,1,1,1,1,127,1,1,13,127,127,1,6,4,1,1,1,1,1
1,1,33,1,1,1,1,1,1,1,127,1,1,1,1,1,1,1,0,1,1,2,2,1,1,1,1,127,1,1,73,127,127,1,2,3,1,1,1,1,1
1,1,19,1,1,1,1,1,1,1,1,1,1,1,1,1,1,1,0,1,1,29,3,127,127,1,1,11,8,1,127,2,2,9,1,1,127,127,1,1,2
1,1,4,1,1,1,1,1,1,1,1,1,1,1,1,1,1,1,0,1,1,51,1,1,1,127,127,3,9,1,127,2,3,11,1,1,1,1,127,127,2
1,1,8,1,1,1,1,1,1,1,1,1,1,1,1,1,1,1,0,1,1,65,2,1,1,127,127,4,8,1,127,4,4,9,1,1,1,1,127,127,2
1,1,19,1,1,1,1,1,1,1,1,1,1,1,1,1,1,1,0,1,1,61,1,127,127,1,1,2,9,1,127,9,9,9,1,1,127,127,1,1,2
1,1,33,1,1,1,1,1,1,1,1,1,1,1,1,1,1,1,0,1,1,1,1,1,1,1,1,127,1,1,58,1,2,6,2,1,1,1,1,1,1
1,1,33,1,1,1,1,1,1,1,127,1,1,1,1,1,1,1,0,1,1,1,1,1,1,1,1,127,1,1,6,91,127,1,11,12,1,1,1,1,1
1,1,19,1,1,1,1,1,1,1,1,1,1,1,1,1,1,1,0,1,1,10,2,127,127,1,1,23,17,1,127,4,4,11,1,1,127,127,1,1,2
1,1,33,1,1,1,1,1,1,1,127,1,1,1,1,1,1,1,0,1,1,3,4,1,1,1,1,127,1,19,15,127,127,1,4,7,1,1,1,1,1
1,1,33,1,1,1,1,1,1,1,127,1,1,1,1,1,1,1,0,1,1,3,3,1,1,1,1,127,1,1,127,118,118,3,1,1,2,1,3,3,1
1,1,19,1,1,1,1,1,1,1,1,1,1,1,1,1,1,1,0,1,1,25,2,127,127,1,1,11,7,1,127,4,4,7,1,1,127,127,1,1,2
1,1,33,1,1,1,1,1,1,1,127,1,1,1,1,1,1,1,0,1,1,1,1,1,1,1,1,127,1,1,127,119,119,3,1,1,1,1,1,1,1
1,1,33,1,1,1,1,1,1,1,127,1,1,1,1,1,1,1,0,1,1,2,9,1,1,1,1,127,1,8,23,127,127,1,3,9,1,1,1,1,1
1,1,33,1,1,1,1,1,1,1,127,1,1,1,1,1,1,1,0,1,1,5,8,1,1,1,1,127,1,17,127,127,127,1,1,1,1,1,1,1,1
1,64,33,1,1,1,1,1,1,1,1,1,1,1,1,1,1,1,0,1,1,1,1,1,1,1,1,127,1,1,127,2,2,66,106,1,1,1,1,1,1
1,64,33,1,1,1,1,1,1,1,1,1,1,1,1,1,1,1,0,1,1,75,75,1,1,1,1,127,2,1,95,79,105,2,56,1,1,1,1,1,1
1,1,33,1,1,1,1,1,1,1,127,1,1,1,1,1,1,1,0,1,1,7,7,1,1,1,1,127,1,1,37,127,127,1,2,3,1,6,1,1,1
1,1,4,1,1,1,1,1,1,1,1,1,1,1,1,1,1,1,0,1,1,126,1,21,1,106,127,1,127,1,127,1,1,127,1,1,28,1,99,127,2
1,127,33,1,1,1,1,1,1,1,1,1,1,1,1,1,1,1,0,1,1,1,2,1,1,1,1,127,1,127,1,58,127,1,127,64,1,1,1,1,2
1,1,33,1,1,1,1,1,1,1,127,1,1,1,1,1,1,1,0,1,1,4,4,1,1,1,1,127,1,1,127,127,127,1,1,1,1,1,1,1,1
1,1,4,1,1,1,1,1,1,1,1,1,1,1,1,1,1,1,0,1,1,52,1,1,1,127,127,3,9,1,127,2,3,9,1,1,1,1,127,127,2
1,1,19,1,1,1,1,1,1,1,1,1,1,1,1,1,1,1,0,1,1,15,5,127,127,1,1,41,9,1,127,32,32,3,1,1,127,127,1,1,2
1,1,19,1,1,1,1,1,1,1,1,1,1,1,1,1,1,1,0,1,1,32,1,127,127,1,1,3,8,1,127,10,11,9,1,1,127,127,1,1,2
1,1,19,1,1,1,1,1,1,1,1,1,1,1,1,1,1,1,0,1,1,3,2,127,127,1,1,74,42,1,127,34,33,3,1,1,127,127,1,1,2
1,1,33,1,1,1,1,1,1,1,127,1,1,1,1,1,1,1,0,1,1,1,1,1,1,1,1,127,1,127,5,127,127,1,14,8,1,1,1,1,1
1,1,19,1,1,1,1,1,1,1,1,1,1,1,1,1,1,1,0,1,1,61,5,127,127,1,1,11,7,1,127,10,11,8,1,1,127,127,1,1,2
1,1,4,1,1,1,1,1,1,1,1,1,1,1,1,1,1,1,0,1,1,108,1,11,1,115,127,1,127,1,127,1,1,127,1,1,8,1,119,127,2
1,1,4,1,1,1,1,1,1,1,1,1,1,1,1,1,1,1,0,1,1,40,5,1,1,127,127,16,8,1,127,10,11,9,1,1,1,1,127,127,2
1,1,33,1,1,1,1,1,1,1,127,1,1,1,1,1,1,1,0,1,1,1,1,1,1,1,1,127,1,127,83,94,95,3,2,2,1,1,1,1,1
1,1,33,1,1,1,1,1,1,1,127,1,1,1,1,1,1,1,0,1,1,6,6,1,1,1,1,127,1,1,127,127,127,1,1,1,1,1,1,1,1
1,1,33,1,1,1,1,1,1,1,127,1,1,1,1,1,1,1,0,1,1,4,4,1,1,1,1,127,1,1,32,127,127,1,3,7,1,1,1,1,1
1,1,33,1,1,1,1,1,1,1,127,1,1,1,1,1,1,1,0,1,1,1,1,1,1,1,1,127,1,1,58,95,98,4,2,2,1,1,1,1,1
1,1,33,1,1,1,1,1,1,1,127,1,1,1,1,1,1,1,0,1,1,7,13,1,1,1,1,127,1,8,28,127,127,1,3,6,1,1,1,1,1
1,1,33,1,1,1,1,1,1,1,127,1,1,1,1,1,1,1,0,1,1,1,1,1,1,1,1,127,1,1,83,127,127,1,2,2,1,1,1,1,1
1,1,19,1,1,1,1,1,1,1,1,1,1,1,1,1,1,1,0,1,1,9,5,127,127,1,1,60,8,1,117,29,31,3,2,1,127,127,1,1,2
1,127,33,1,1,1,1,1,1,1,1,1,1,1,1,1,1,1,0,1,1,1,1,1,1,1,1,127,1,127,1,64,127,1,127,64,1,1,1,1,2
1,1,33,1,1,1,1,1,1,1,127,1,1,1,1,1,1,1,0,1,1,2,2,1,1,1,1,127,1,1,127,127,127,1,1,1,1,1,1,1,1
1,1,33,1,1,1,1,1,1,1,127,1,1,1,1,1,1,1,0,1,1,6,6,1,1,1,1,127,1,1,127,127,127,1,1,1,1,1,1,1,1
1,1,33,1,1,1,1,1,1,1,127,1,1,1,1,1,1,1,0,1,1,5,9,1,1,1,1,127,1,8,54,127,127,1,2,6,1,1,1,1,1
1,1,33,1,1,1,1,1,1,1,127,1,1,1,1,1,1,1,0,1,1,5,5,1,1,1,1,127,1,14,9,127,127,1,8,4,1,1,1,1,1
1,1,33,1,1,1,1,1,1,1,127,1,1,1,1,1,1,1,0,1,1,2,2,1,1,1,1,127,1,1,127,122,121,2,1,1,1,1,1,1,1
1,1,33,1,1,1,1,1,1,1,127,1,1,1,1,1,1,1,0,1,1,2,2,1,1,1,1,127,1,1,3,127,127,1,22,6,1,1,1,1,1
1,1,4,1,1,1,1,1,1,1,1,1,1,1,1,1,1,1,0,1,1,1,1,1,1,127,127,127,1,1,92,76,105,4,2,1,1,1,105,127,1
1,1,19,1,1,1,1,1,1,1,1,1,1,1,1,1,1,1,0,1,1,1,1,64,64,1,1,127,1,1,76,59,64,6,2,3,2,2,2,1,1
1,1,33,1,1,1,1,1,1,1,127,1,1,1,1,1,1,1,0,1,1,1,1,1,1,1,1,85,85,1,68,22,41,6,41,1,1,1,1,1,1
1,64,33,1,1,1,1,1,1,1,1,1,1,1,1,1,1,1,0,1,1,1,1,1,1,1,1,127,1,1,127,115,115,2,2,1,1,1,1,1,1
1,1,33,1,1,1,1,1,1,1,127,1,1,1,1,1,1,1,0,1,1,4,4,1,1,1,1,127,1,1,28,127,127,1,3,6,1,1,1,1,1
1,1,33,1,1,1,1,1,1,1,127,1,1,1,1,1,1,1,0,1,1,1,1,1,1,1,1,127,1,1,9,25,119,16,127,13,1,1,1,1,2
1,1,33,1,1,1,1,1,4,1,127,1,1,1,1,1,1,1,0,1,1,1,1,1,1,1,1,127,1,1,101,101,127,1,1,1,1,1,2,2,2
1,1,19,1,1,1,1,1,1,1,1,1,1,1,1,1,1,1,0,1,1,28,3,127,127,1,1,12,11,1,127,5,6,11,1,1,127,127,1,1,2
1,1,33,1,1,1,1,1,1,1,127,1,1,1,1,1,1,1,0,1,1,1,1,1,1,1,1,127,1,1,2,127,127,1,42,9,1,1,1,1,1
1,1,4,1,1,1,1,1,1,1,1,1,1,1,1,1,1,1,0,1,1,37,5,1,1,127,127,16,7,1,127,1,1,9,1,1,1,1,127,127,2
1,1,19,1,1,1,1,1,1,1,1,1,1,1,1,1,1,1,0,1,1,27,5,127,127,1,1,22,8,1,127,7,7,8,1,1,127,127,1,1,2
1,127,33,1,1,1,1,1,1,1,1,1,1,1,1,1,1,1,0,1,1,119,119,1,1,1,1,127,1,1,60,60,127,1,127,1,1,1,1,1,2
1,1,19,1,1,1,1,1,1,1,1,1,1,1,1,1,1,1,0,1,1,60,1,127,127,1,1,3,7,1,127,2,3,7,1,1,127,127,1,1,2
1,1,19,1,1,1,1,1,1,1,1,1,1,1,1,1,1,1,0,1,1,31,2,127,127,1,1,8,8,1,127,6,6,9,1,1,127,127,1,1,2
2,1,33,1,1,1,1,1,1,1,127,1,1,1,1,1,1,1,0,1,1,2,4,1,1,1,1,127,1,16,5,127,127,1,13,4,1,1,1,1,1
1,1,19,1,1,1,1,1,1,1,1,1,1,1,1,1,1,1,0,1,1,6,1,121,127,6,1,12,17,1,127,2,3,8,2,1,127,127,1,1,2
1,64,33,1,1,1,1,1,1,1,1,1,1,1,1,1,1,1,0,1,1,2,1,1,1,42,1,22,127,1,83,1,2,13,2,1,2,1,3,1,2
1,1,19,1,1,1,1,1,1,1,1,1,1,1,1,1,1,1,0,1,1,35,5,127,127,1,1,16,8,1,127,9,9,7,1,1,127,127,1,1,2
1,1,33,1,1,1,1,1,1,1,127,1,1,1,1,1,1,1,0,1,1,1,1,1,1,1,1,127,1,1,30,127,127,1,3,8,1,1,1,1,1
1,1,19,1,1,1,1,1,1,1,1,1,1,1,1,1,1,1,0,1,1,7,4,127,127,1,1,75,9,1,113,29,32,3,2,6,127,124,1,1,2
1,1,33,1,1,1,1,1,1,1,127,1,1,1,1,1,1,1,0,1,1,1,1,1,1,1,1,127,1,1,36,95,113,8,2,2,1,1,1,1,1
1,1,4,1,1,1,1,1,1,1,1,1,1,1,1,1,1,1,0,1,1,67,5,1,1,127,127,9,8,1,127,10,9,9,1,1,1,1,127,127,2
1,1,33,1,1,1,1,1,1,1,127,1,1,1,1,1,1,1,0,1,1,1,1,1,1,1,1,64,127,1,127,6,6,76,1,1,1,12,1,1,1
1,1,19,1,1,1,1,1,1,1,1,1,1,1,1,1,1,1,0,1,1,71,1,127,127,1,1,2,8,1,127,5,6,11,1,1,127,127,1,1,2
1,64,33,1,1,1,1,1,1,1,1,1,1,1,1,1,1,1,0,1,1,63,64,1,1,1,1,127,1,2,127,109,109,2,1,1,1,1,1,1,1
1,1,33,1,1,1,1,1,1,1,127,1,1,1,1,1,1,1,0,1,1,4,5,1,1,1,1,127,1,21,127,127,127,1,1,1,1,1,1,1,1
1,1,19,1,1,1,1,1,1,1,1,1,1,1,1,1,1,1,0,1,1,23,1,127,127,1,1,2,11,1,127,10,11,7,1,1,127,127,1,1,2
1,1,19,1,1,1,1,1,1,1,1,1,1,1,1,1,1,1,0,1,1,61,6,127,127,1,1,13,6,1,127,12,12,7,1,1,127,127,1,1,2
1,1,33,1,1,1,1,1,1,1,127,1,1,1,1,1,1,1,0,1,1,2,3,1,1,1,1,127,1,28,127,127,127,1,1,1,1,1,1,1,1
1,64,33,1,1,1,1,1,1,1,1,1,1,1,1,1,1,1,0,1,1,6,2,1,1,1,1,41,18,1,127,4,4,114,14,1,21,1,92,1,2
1,127,33,1,1,1,1,1,1,1,1,1,1,1,1,1,1,1,0,1,1,1,7,1,1,1,1,127,1,127,1,69,127,1,127,32,1,1,1,1,2
1,1,19,1,1,1,1,1,1,1,1,1,1,1,1,1,1,1,0,1,1,70,3,127,127,1,1,6,7,1,127,6,6,9,1,1,127,127,1,1,2
1,1,33,1,1,1,1,1,46,1,127,1,1,1,1,1,1,1,0,1,127,1,1,1,1,1,1,127,1,1,62,11,23,7,2,1,3,1,8,1,2
1,1,33,1,1,1,1,1,1,1,127,1,1,1,1,1,1,1,0,1,1,4,4,1,1,1,1,127,1,1,62,43,38,3,38,3,1,1,1,1,1
1,1,33,1,1,1,1,1,1,1,127,1,1,1,1,1,1,1,0,1,1,1,1,1,1,1,1,127,1,1,18,4,18,11,4,37,1,1,1,1,1
1,1,19,1,1,1,1,1,1,1,1,1,1,1,1,1,1,1,0,1,1,71,6,127,127,1,1,11,7,1,127,12,12,7,1,1,127,127,1,1,2
1,64,33,1,1,1,127,1,1,1,1,1,1,1,1,1,1,1,0,1,1,8,8,1,1,1,1,127,1,1,52,16,40,6,40,1,1,1,1,1,2
1,1,33,1,1,1,1,1,1,1,127,1,1,1,1,1,1,1,0,1,1,2,2,1,1,1,1,127,1,1,3,127,127,1,26,13,1,2,1,1,1
1,1,33,1,1,1,1,1,1,1,127,1,1,1,1,1,1,1,0,1,1,1,4,1,1,42,17,127,1,35,127,127,127,1,1,1,1,1,2,2,1
1,1,19,1,1,1,1,1,1,1,1,1,1,1,1,1,1,1,0,1,1,36,1,127,127,1,1,2,7,1,127,1,2,7,1,1,127,127,1,1,2
1,1,33,1,1,1,1,1,1,1,127,1,1,1,1,1,1,1,0,1,1,1,3,1,1,1,1,127,1,42,1,2,127,1,127,64,1,64,1,32,1
1,1,33,1,1,1,1,1,1,1,127,1,1,1,1,1,1,1,0,1,1,1,1,1,1,1,1,127,1,1,19,127,127,1,4,4,1,1,1,1,1
1,1,19,1,1,1,1,1,1,1,1,1,1,1,1,1,1,1,0,1,1,56,6,127,127,1,1,14,7,1,127,12,12,7,1,1,127,127,1,1,2
1,1,33,1,1,1,1,1,1,1,127,1,1,1,1,1,1,1,0,1,1,1,1,42,42,1,1,127,1,1,127,127,127,1,1,1,1,1,1,1,1
1,1,19,1,1,1,1,1,1,1,1,1,1,1,1,1,1,1,0,1,1,68,4,127,127,1,1,8,8,1,127,3,3,11,1,1,127,127,1,1,2
1,1,33,1,1,1,1,1,1,1,127,1,1,1,1,1,1,1,0,1,1,4,4,1,1,1,1,127,1,1,127,127,127,1,1,1,1,1,3,3,1
1,1,33,1,1,1,1,1,1,1,127,1,1,1,1,1,1,1,0,1,1,3,3,1,1,1,1,127,1,1,86,127,127,1,2,3,1,1,1,1,1
1,1,33,1,1,1,1,1,1,1,127,1,1,1,1,1,1,1,0,1,1,1,2,42,22,1,1,127,1,42,2,127,127,1,42,11,42,2,1,1,1
1,1,19,1,1,1,1,1,1,1,1,1,1,1,1,1,1,1,0,1,1,54,1,127,127,1,1,1,8,1,127,1,1,9,1,1,127,127,1,1,2
1,1,33,1,1,1,1,1,1,1,127,1,1,1,1,1,1,1,0,1,1,3,3,1,1,1,1,127,1,1,127,127,127,1,1,1,1,1,1,1,1
1,1,19,1,1,1,1,1,1,1,1,1,1,1,1,1,1,1,0,1,1,61,1,127,127,1,1,2,9,1,127,3,3,9,1,1,127,127,1,1,2
1,1,4,1,1,1,1,1,1,1,1,1,1,1,1,1,1,1,0,1,1,83,1,12,1,114,127,1,127,1,127,1,1,127,1,1,12,1,114,127,2
1,1,19,1,1,1,1,1,1,1,1,1,1,1,1,1,1,1,0,1,1,60,3,127,127,1,1,6,8,1,127,4,4,11,1,1,127,127,1,1,2
113,1,15,1,1,1,1,1,1,1,1,1,1,1,1,1,1,1,0,1,1,1,1,1,1,127,127,127,1,1,127,1,2,65,127,1,1,1,127,127,2
1,1,33,1,1,1,1,1,1,1,127,1,1,1,1,1,1,1,0,1,1,2,3,1,1,1,1,127,1,23,39,127,127,1,2,2,1,1,1,1,1
1,1,4,1,1,1,1,1,1,1,1,1,1,1,1,1,1,1,0,1,1,1,1,1,1,127,127,127,1,1,105,86,104,3,1,1,1,1,104,127,1
1,127,33,1,1,1,1,1,1,1,1,1,1,1,1,1,1,1,0,1,1,1,12,1,1,1,1,127,1,127,1,14,127,1,127,69,1,1,1,1,2
1,1,19,1,1,1,1,1,1,1,1,1,1,1,1,1,1,1,0,1,1,24,6,127,127,1,1,33,7,1,127,12,12,7,1,1,127,127,1,1,2
1,1,19,1,1,1,1,1,1,1,1,1,1,1,1,1,1,1,0,1,1,31,2,127,127,1,1,9,9,1,127,4,4,9,1,1,127,127,1,1,2
1,64,33,1,1,1,1,1,1,1,1,1,1,1,1,1,1,1,0,1,1,53,53,1,1,1,1,127,2,2,127,126,127,2,1,1,1,1,1,1,1
1,1,19,1,1,1,1,1,1,1,1,1,1,1,1,1,1,1,0,1,1,69,5,127,127,1,1,8,8,1,127,9,9,8,1,1,127,127,1,1,2
1,1,33,1,1,1,1,1,1,1,127,1,1,1,1,1,1,1,0,1,1,7,7,1,1,1,1,127,1,9,127,127,127,1,1,1,1,1,1,1,1
1,64,33,1,1,1,1,1,1,1,1,1,1,1,1,1,1,1,0,1,1,3,1,1,1,1,1,28,42,1,127,121,120,2,2,1,1,1,1,1,1
1,1,33,1,1,1,1,1,1,1,127,1,1,1,1,1,1,1,0,1,1,1,1,1,1,1,1,127,1,1,85,127,127,1,2,4,1,1,1,1,1
1,1,19,1,1,1,1,1,1,1,1,1,1,1,1,1,1,1,0,1,1,53,1,127,127,1,1,1,7,1,127,1,1,7,1,1,127,127,1,1,2
1,1,33,1,1,1,1,1,1,1,127,1,1,1,1,1,1,1,0,1,1,1,1,1,1,1,1,127,1,127,55,90,109,6,2,2,1,1,1,1,1
1,127,33,1,1,1,1,1,1,1,1,1,1,1,1,1,1,1,0,1,1,110,110,1,1,1,1,127,1,1,122,122,127,1,127,1,1,1,1,1,2
1,127,33,1,1,1,1,1,1,1,1,1,1,1,1,1,1,1,0,1,1,1,1,1,1,1,1,127,1,1,127,2,3,3,3,1,1,1,1,1,1
1,1,33,1,1,1,1,1,1,1,127,1,1,1,1,1,1,1,0,1,1,6,6,1,1,1,1,127,1,1,127,127,127,1,1,1,1,1,1,1,1
1,1,19,1,1,1,1,1,1,1,1,1,1,1,1,1,1,1,0,1,1,36,4,127,127,1,1,13,8,1,127,1,1,9,1,1,127,127,1,1,2
1,1,33,1,1,1,1,1,1,1,127,1,1,1,1,1,1,1,0,1,1,1,2,1,1,1,1,127,1,51,127,127,127,1,1,1,1,1,1,1,1
1,1,33,1,1,1,1,1,1,1,127,1,1,1,1,1,1,1,0,1,1,1,1,1,1,1,1,127,1,1,23,83,110,12,3,2,3,2,1,1,1
1,1,19,1,1,1,1,1,1,1,1,1,1,1,1,1,1,1,0,1,1,63,2,127,127,1,1,4,7,1,97,4,6,9,2,1,118,127,2,1,2
1,1,19,1,1,1,1,1,1,1,1,1,1,1,1,1,1,1,0,1,1,41,5,127,127,1,1,14,7,1,127,9,9,7,1,1,127,127,1,1,2
1,1,33,1,1,1,1,1,1,1,1,1,1,1,1,1,1,1,0,1,1,1,1,1,1,1,1,127,1,1,11,11,127,1,7,1,18,18,1,1,1
